Gene	Sample_1	Sample_2	Sample_3	Sample_4	Sample_5	Sample_6	Sample_7	Sample_8	Sample_9	Sample_10
Gene_1	410.270701795466	387.558156349266	419.874058843563	352.086362470984	371.847689212793	395.381704891765	453.768098293784	367.117673736484	424.966023314387	421.197380549779
Gene_2	355.322797297074	366.826184504077	379.457719056728	374.210663560209	366.926550525035	403.935536015889	447.619253565809	336.661147280194	412.799333038623	379.79284488484
Gene_3	407.974243488934	397.611338860243	479.134660504795	453.877566088337	409.50306408075	453.784800393759	521.400795583483	495.086938980328	491.197456122124	462.113913710197
Gene_4	676.41619518751	680.222275585622	718.428687918183	590.739766145482	659.683976287709	637.373275932984	725.861736055312	714.83272129479	699.378957609309	690.046391265393
Gene_5	627.837719478591	650.416448443779	841.325997417783	554.520589775195	601.908926981824	679.026631456756	687.43978353146	882.403098401944	867.861464559765	879.590260694023
Gene_6	602.631615149816	511.502324722	769.275020340076	754.393956082396	614.997779775871	630.192926586161	767.603351540551	976.612506170608	656.470116065447	615.041271038582
Gene_7	393.586985294184	406.660387878236	393.547054169193	329.209861936782	380.904339911855	409.726562587259	408.185317737627	344.550998254466	418.236624676053	369.891459679681
Gene_8	497.540119113209	460.668114605624	672.261736721464	650.469819268194	530.233461409299	589.453795873958	694.248893627601	833.73643996499	655.394293243932	600.729019657943
Gene_9	1318.9266831071	1505.23611240117	1479.99059085774	1472.4562141556	1608.3945278778	1964.99994227513	2151.34221427902	1431.89617283048	2067.60524689762	1645.08237047288
Gene_10	996.938332620505	1059.90892043458	1012.75863000548	747.326429660795	918.76750207166	1012.93875932007	1039.22090804621	744.716763253607	1038.35994990112	871.480609422178
Gene_11	372.649939482301	376.365228758603	426.293582800457	436.768073267931	388.837106843375	399.596539508407	444.605913615137	484.105074034356	427.67596190862	400.718386875981
Gene_12	459.649715394946	550.576469649619	545.863051182091	633.549084911085	525.19626237631	470.084057890693	479.922751730423	669.903841749798	549.147944610615	576.573086399192
Gene_13	303.895153716017	274.664227883258	297.431784428102	268.181603041518	270.453794505258	281.604361010902	307.647038953099	273.145824664275	287.474828438818	302.77451942934
Gene_14	690.540558751682	647.62356930576	670.641422522087	549.395279420766	629.895266031131	542.129688917511	618.063110057856	657.529404162322	536.961158167476	546.739972632374
Gene_15	313.010802788914	333.200327980034	356.292018597283	278.324066310347	309.420414574886	338.150691509068	351.961270988459	335.899077476919	379.5301462893	354.281684204714
Gene_16	338.582050829132	348.76103373886	391.103142410408	310.945892325318	333.926143459093	365.370858893823	386.54859407952	376.630330884997	419.460990974384	402.773773776402
Gene_17	283.564743528455	292.554491660332	329.450676199889	261.011836193583	278.009512778071	278.038620731239	297.238954154333	339.246906242709	330.074916665634	342.671605104497
Gene_18	275.9436312064	279.341950442323	322.335934753885	252.087534929713	269.317932501045	291.900243285294	310.121778727313	317.708244235118	326.16969740552	308.298191803202
Gene_19	377.189291203326	399.836918861809	446.468502532246	420.385112027888	411.445694805322	453.050341824028	496.458262283769	447.832524620792	474.886187693074	428.337739968636
Gene_20	567.326787261119	560.349072631611	658.826955760154	754.19078683894	609.183275461125	570.860002899981	671.254598006352	835.160048100974	597.104994365786	570.862485145132
Gene_21	494.071255797572	513.015014320052	644.623488503374	698.444223842255	588.398500329966	639.275102607467	709.90592748323	809.285297377861	679.701986587747	592.333542574053
Gene_22	257.501518459375	246.376253689551	305.549445504394	296.851057780379	265.272369423485	276.437293740484	319.915816542427	331.833161417493	291.450610436118	291.269607125259
Gene_23	398.535921810947	398.579288332327	411.205217688365	379.416498042465	403.887603038864	432.438655275121	451.014013968977	392.868028484147	429.062516364043	379.519940283443
Gene_24	295.265726645588	293.77096701605	311.035789919736	304.138492259325	292.529254139162	274.379888739859	292.148222160144	341.982305562268	285.736433629771	292.520834389969
Gene_25	520.743864108489	487.819916249062	441.114514925727	342.75426425238	456.23046303149	479.369009525562	410.735498990937	347.263864128867	426.697637182739	381.807122101761
Gene_26	218.638628145105	238.029785579789	256.118188143618	238.937130320882	238.803493056525	224.31987140208	221.629777909202	283.116129303488	240.412109237156	243.122192652605
Gene_27	775.498271205899	735.701769005184	761.143955317229	630.934600820579	730.010276982161	771.282484033747	843.312406488702	672.829208353373	759.428291369435	688.691967816963
Gene_28	316.477011145157	293.003790623488	357.0703925794	316.177320882759	301.17726407593	284.257272934199	326.652293008222	399.215470474635	307.49105610544	310.83245510819
Gene_29	328.396383842295	320.603713163897	409.759650409801	348.757460789149	329.36287408818	343.041591948531	375.771988309224	468.086488565824	395.052330730318	381.813808053485
Gene_30	386.901874646334	348.24850017781	415.226827820526	438.939917580732	378.260838780988	415.389841149024	494.419602800069	395.883717920056	421.137063000052	443.967575130231
Gene_31	428.516193586323	470.881626262229	431.057486138773	494.387042163314	477.244159015163	456.155677911403	444.765408091388	482.68212091968	450.694637124585	420.753296535001
Gene_32	299.145777435167	302.627210773678	365.515422481362	341.251667534825	311.382213174722	328.055911846464	339.335514920161	411.87814548121	360.697335686146	345.55395478241
Gene_33	433.907024384521	409.427189705537	377.043475287626	343.839607442752	402.289669200328	389.911339668649	296.530875884336	385.329621794441	358.168412152603	355.469104425498
Gene_34	376.484394540857	354.702590519627	419.133337385994	353.308752215545	352.546680661305	383.390463921071	395.824731146348	419.38455498646	408.044327864738	396.013129153537
Gene_35	361.796134301786	361.460430238342	340.452707095381	353.127765900318	354.923984862931	327.995218610664	320.714885572408	363.052274040483	326.354926242968	321.02462956649
Gene_36	343.910685967448	318.604520616373	341.033739347926	335.219215264666	322.938403324811	344.099351931512	363.102934741565	317.891261263513	328.050163168431	309.386764882846
Gene_37	488.796451550436	671.00866443654	637.678626227347	808.050048194196	695.799717556046	609.49036964802	590.720315048221	813.296729964338	645.837951897913	637.304102750089
Gene_38	364.833011631719	461.167755011645	476.541548696605	402.154076784405	440.859337668582	448.910866059272	409.557271037787	495.768163168657	515.223503019741	500.726925541844
Gene_39	654.291718121325	780.760770163594	708.634843176987	759.746732969981	788.701435963281	885.480841647401	933.195291440142	698.433814936198	933.582134871394	785.151567165576
Gene_40	311.943143740587	286.918935308182	285.089729984403	278.091178479879	299.001838871266	302.049725378322	308.368730033913	257.617017940255	270.634740538224	266.093487775909
Gene_41	380.408553142714	397.169803990636	462.060936434507	367.290407328998	380.926164780514	424.415941704664	436.405188960703	457.705772501676	493.022306937682	497.635601683852
Gene_42	372.69301588217	420.258249879866	415.829662979816	347.926850391242	404.909469902707	450.687071801528	454.534210964078	363.391155330672	477.128111027535	414.815771642261
Gene_43	377.864467013105	379.759059696093	474.754676655354	389.96264274746	376.285967453507	426.304886291207	471.955510931592	484.760079205647	491.00655453524	467.410289596703
Gene_44	653.287196543728	659.880229039627	671.133962830056	538.323992335066	601.96586474948	661.584780097225	716.086090987853	533.378640368684	673.776709798621	590.9462228054
Gene_45	371.667797555153	430.267458440239	497.583758983042	375.495928078992	405.016785272031	416.337273309792	407.068527076714	532.447430275918	508.412569098352	519.418417229503
Gene_46	624.207767951583	733.609245101439	711.913214562274	682.001455552231	749.31838400153	852.394960268394	880.365484696699	683.872976482075	880.385297388678	729.461891454857
Gene_47	629.686417609761	628.851154170257	639.400695215438	506.235787802408	620.689416153794	645.160913018867	728.806546772981	578.10285513571	678.443288307431	629.393083600026
Gene_48	446.510159954642	435.902761479238	391.332884191314	388.963129754016	424.94598040075	434.529232199394	402.840744938068	360.472107863776	400.844108815845	366.780107696663
Gene_49	317.355539022097	350.101265386842	333.56281615415	329.009546619683	348.3103715991	350.460366375511	323.550528514039	349.66762200989	348.143710325278	326.870051074134
Gene_50	344.680543954451	389.800935901344	460.754066962921	396.987126282378	391.61997686071	413.207892949098	427.271575365019	506.269260716308	483.394132063284	467.012308521403
Gene_51	333.097883975843	323.439178170844	382.97076073214	311.289576234968	319.85173939475	321.234057421051	352.075562081008	407.672631909011	367.364057960254	374.152962211439
Gene_52	341.880891712887	379.419404054716	429.922180123467	373.21687081961	370.776429736893	386.650511046869	394.406687472158	464.76651995215	450.027889925863	440.27149836726
Gene_53	385.886810668437	487.429823726749	441.569833571284	546.104817053583	482.216396191273	418.936692143668	428.471883752828	531.685426805346	458.094232761945	463.193786497072
Gene_54	277.829374450218	270.378874875289	305.202697348551	313.683302614973	276.678211540113	261.721892005803	295.56730803791	354.225263951032	273.971487171518	268.681820796144
Gene_55	540.248673416684	458.233785943363	507.949550878314	336.933248196199	428.166379916851	310.449706005221	381.366028541266	496.401953777833	346.761270385979	446.502443125067
Gene_56	364.433777276877	382.396593458953	408.975850293422	374.70859928342	374.507903857949	413.387514261753	441.011296697715	402.717476386405	440.109282443773	390.130869715333
Gene_57	314.022566682604	299.244190038155	360.166167239186	308.425838943072	296.628481175197	322.648639268543	362.932326142713	355.948228414072	357.226617844352	360.037700546863
Gene_58	458.191192747124	485.770785342771	542.282010503876	557.410723963657	516.85279535799	567.12995732273	630.45794254687	572.012388842525	586.478987743599	514.938460827584
Gene_59	313.380384440066	318.749608741804	349.961486658775	352.110811956104	324.760326306041	322.517050782454	336.796140060915	392.642845222732	347.475824119785	341.140667771337
Gene_60	503.234040766489	450.651946202282	472.270584459857	441.202628841088	429.58655789656	461.674515973432	521.534349570729	360.271125170917	423.624577047654	405.078503963932
Gene_61	1412.60226700334	1556.84971209317	1627.39961332537	1450.37269285846	1614.2383832192	1994.33851304233	2214.40369622329	1508.29888201026	2118.96291712717	1678.99700391602
Gene_62	430.34804411229	432.710927352374	492.908028243433	446.209160544805	418.090062039684	375.871073562952	420.667141515754	558.472924098831	425.95481499201	461.232320644381
Gene_63	833.756321879701	918.27108973209	891.916158032206	765.724380786671	882.817471244863	1047.02578444647	1158.25887681281	708.115712463197	1094.78874873324	910.785808492984
Gene_64	294.831284435127	246.741200520046	294.204870787138	301.567613958827	269.947237575946	278.529704244468	318.50388387042	303.064320166429	254.376483517993	247.893865303421
Gene_65	375.515876786752	401.479719594898	400.211525769692	370.820831703062	392.96545578157	426.776983389106	444.400802924465	387.006614351018	449.242203771864	400.609441508902
Gene_66	354.08634894494	344.304796276278	336.805547971073	279.760860150972	327.74020256995	346.041161670209	343.553042211828	296.29075158455	339.426385889372	312.753966162024
Gene_67	315.615985776315	290.120720787344	284.663701571195	306.015864893437	307.234347577493	316.247234997759	332.936255432021	249.368039734564	278.104808725103	275.1417747276
Gene_68	464.827463184423	485.554085519925	594.1577591254	515.275134020117	472.58833893885	506.291869642717	523.677329144145	668.854857162553	607.610922796734	606.233215545764
Gene_69	492.426593753097	489.397229557592	512.288920341532	417.408636513703	482.035176142329	473.953840267968	534.768349251789	497.812374978092	497.973726014554	478.248005100578
Gene_70	592.804298896545	473.719768901258	493.026532188475	530.716502473758	480.914571305992	510.560067962218	615.792907251895	363.279835401955	440.127992845271	473.212605357652
Gene_71	488.368074985628	453.011867895993	468.701411102579	447.016228584872	430.669637525696	467.906259179747	522.605916830161	364.993063763464	434.224320168503	408.298081439725
Gene_72	413.496216465564	428.771987829289	458.933123965752	391.731207544683	406.018041849532	406.723391779622	418.848247702786	479.762855534085	468.208422947847	470.688134499123
Gene_73	439.193599769676	420.568604845488	446.699659107849	532.636887548373	432.538547389341	361.380294615382	390.189604180273	567.916241078496	359.546732304538	375.942628870434
Gene_74	430.427953559632	364.430355920744	457.623101930636	416.33596546947	385.365895224752	394.653811770701	447.049049711172	495.47618380577	390.22764652442	379.963667855171
Gene_75	444.565475696509	448.358372834763	513.473360840635	495.458795739068	474.20308337852	528.999319144126	579.939340968254	548.763365169153	548.696136054754	472.090777546044
Gene_76	274.644382727268	279.568609960023	355.937286979897	340.459358423234	306.147951345212	315.674458218219	352.147945648957	420.667878984636	344.843883838669	324.089659847028
Gene_77	329.858759421125	352.617426223598	333.041545322608	378.002730583128	358.105198162047	347.673672289806	331.422670294804	356.838762976798	331.53640852649	322.629725993272
Gene_78	678.608324548287	739.48215465793	700.311546472078	574.603422989435	701.356066502803	815.646518082027	867.149527680147	568.463510724599	851.903341800097	709.724104204564
Gene_79	520.629471865589	633.596295097275	699.382971814615	637.772479587826	634.842356837967	664.204730847074	677.396162669797	741.673519190583	754.58963197253	740.408077415136
Gene_80	646.389385529946	703.542279145008	693.324330461571	625.414495072399	704.284660204493	819.18562392369	891.609991214992	626.704151476308	858.499395945019	713.870719411194
Gene_81	412.820223373882	383.196349588243	369.582020585997	298.039767620382	360.856114762046	370.605542675284	375.853904471478	303.512197895358	350.758354045822	334.983938054419
Gene_82	330.91694003337	432.28627125648	427.20745459031	431.359755492176	439.872922147139	430.164885447368	411.3235279767	475.95685782719	461.911108017047	438.888313995771
Gene_83	599.911453692004	624.673887887163	785.114462405658	540.350662252515	579.083280239241	655.0490044436	671.391310030524	807.003034285235	826.292010756355	839.166478131202
Gene_84	450.959293942443	439.32041711314	452.08221017625	376.882000294172	417.135759282311	447.846138227026	469.685119594407	395.082576235115	443.271374574982	402.627061510505
Gene_85	493.635905646059	534.554886857514	528.093530889203	449.289573541917	497.657711739562	568.558001001173	622.571093088585	425.615004237396	590.921599390138	508.28787206441
Gene_86	367.86217062872	406.945450222168	390.942667477104	453.587696482563	410.834165654856	408.580934847706	423.712944514111	434.607456135977	418.721994273418	393.287171912869
Gene_87	387.546139306573	365.64317327385	351.317922483949	345.151880152514	358.480492019664	321.570298786655	295.675659771019	367.857969427303	314.223649086674	343.279970296815
Gene_88	337.671611637829	364.928228382476	353.798558417428	348.831239047221	356.449286143319	375.869373289611	374.98219894375	348.818490054891	384.576018823984	348.367461391372
Gene_89	375.050269615484	470.509496612648	448.729353981266	435.259607020052	465.507836994563	450.090139602722	393.894794795339	483.09961881063	467.903193175204	450.29368135686
Gene_90	575.726614058599	597.583654610125	613.73309971603	519.706458190386	573.90613564912	639.499244283981	687.819487856289	553.975800545319	667.718502411709	571.520274704705
Gene_91	487.661279265064	656.973255749771	653.424218203043	572.89627687816	648.026656573012	680.154185265237	668.80961720778	658.117585592772	764.823402682691	713.881648459742
Gene_92	321.597878432989	300.807517391141	315.921945351102	326.208332193547	308.597502055138	279.866884961504	288.631182681996	353.031396724013	267.007356137912	272.715727502106
Gene_93	354.784597182528	385.300388207844	350.749198656887	349.802061017254	380.883221635225	393.116419332253	368.239528257906	332.527397311602	376.669379911593	345.571188926531
Gene_94	531.639812566575	506.717227184301	568.258483832451	665.353754714644	561.410993670277	625.710389742805	764.856589895812	506.954157884717	591.916661032678	577.782530383846
Gene_95	399.517136023554	384.586842467958	347.298281315225	377.396138660184	378.709381774148	343.517889889666	313.580025484177	369.52368923385	320.773316719132	322.174084547775
Gene_96	557.245145565707	622.022428738359	612.946983702517	508.366612607452	577.56204032218	649.223219871228	684.503214840724	498.947416649063	681.620874366971	591.355380926592
Gene_97	380.769838455859	380.907493532855	410.613064433435	532.656144595981	397.36085329692	340.010787319064	385.855911553719	547.530925259324	355.099552969054	370.619498266434
Gene_98	606.075417077506	662.502644794137	603.217720632869	857.735249825154	681.765808715927	583.934736138272	554.574163523368	799.386957996085	572.522184010404	585.436654271473
Gene_99	817.440263475	948.195165951932	1156.96603935827	767.959641487491	859.477010088777	969.738097788326	916.630623757873	1204.90872995742	1248.38019639642	1252.58369919071
Gene_100	345.355450192858	286.371880529917	371.999640607754	400.597797782804	328.151606650172	361.642236656781	433.29045158704	383.437028295468	354.718847287889	368.462313929196
Gene_101	484.636950365225	494.135912063669	591.157180159868	558.737262267663	531.642278905917	611.747257412034	686.48439608949	646.593418944139	654.303537715935	554.417823895381
Gene_102	321.794529666154	325.296281521061	323.761989944476	302.446474349313	325.726254368108	344.165931348387	347.682378190676	291.561281282267	334.631487689726	316.469034972975
Gene_103	454.351085121113	413.676010612801	424.29742396871	342.598122076705	394.85821305739	405.345844140994	465.295573699974	352.456631183379	428.982662001046	439.162051847549
Gene_104	304.215837635558	320.178060057637	294.644831270763	328.63437648971	329.647702552461	319.14534506386	306.575298481614	303.617972399603	296.074155672029	282.850055763215
Gene_105	421.443441906365	434.922328300461	427.671032162442	382.618398376368	429.086504865722	444.716348487886	493.09911029068	398.844264977051	476.54611774512	446.487089860404
Gene_106	324.619346713996	325.993049713297	368.347363878529	328.698945549154	329.31526019247	315.712345898623	338.828942324848	409.430357495141	348.898750212431	348.541658753931
Gene_107	252.597710006571	259.032869556166	252.657433908281	231.717434840421	255.772830530205	262.198809926067	239.858060508871	245.629931091873	256.01029180774	238.181928778967
Gene_108	926.583607106659	923.566995570454	946.226049899058	743.28101281539	860.891269263956	945.227921521336	988.450398495985	808.477191422111	960.309704268828	829.8875851985
Gene_109	422.608834112271	448.059478630212	446.804504587377	463.624989168283	454.568100425494	450.561778525825	476.895020250141	481.749493165211	466.113935464113	434.026804863663
Gene_110	417.929858360687	375.329405671698	484.075022155428	457.215824716369	416.597730620954	421.365055229642	483.206951669695	568.420029233818	431.708353598811	400.513768357414
Gene_111	529.3085006355	452.711354802876	517.36034900761	380.475926442768	450.509097822325	460.707366714774	420.09896299791	524.659177892241	463.749466376393	475.343332062783
Gene_112	741.88574465847	752.090523752306	726.650885762822	537.74948527003	639.980138285632	673.394809040553	672.604921676075	523.149470517657	666.955974093378	592.429453262231
Gene_113	336.179222407087	300.399272372877	306.773188622467	297.853584883329	313.561965866858	321.213825887282	304.973208785169	298.201165303394	286.786820747668	273.619300681052
Gene_114	498.349459741372	548.665330340415	606.634158641295	495.096797396353	529.326022241858	605.994226850627	636.551892836205	591.759321913151	679.384976209655	606.023533051575
Gene_115	331.252597572362	318.741938941174	393.430814173482	359.711718889438	332.058256429998	362.063551046714	397.857494392389	429.463277532187	387.70180369539	357.69069394052
Gene_116	542.763100867368	497.441386361805	503.983560167533	357.779880449864	457.306228483266	462.538860529114	405.709842005533	444.728037960989	450.966961026002	441.214770163395
Gene_117	503.279264417233	554.457055014716	584.524594907421	493.39819003549	535.279315860889	606.595518544118	657.709423010443	520.04057471158	666.490186424112	612.662487845355
Gene_118	487.065763866534	563.112258624903	543.826463373785	487.559897676071	568.23012864375	651.980819989163	692.15981746691	500.824261361005	695.615108901267	590.509622832413
Gene_119	385.318259680236	389.197810646524	384.972293355462	331.74222263757	364.528266152066	399.407154178445	419.633188346718	321.880670282808	397.080032960013	351.012822681514
Gene_120	473.297546701914	507.979662495315	586.708526491368	489.719923741698	494.864895271137	558.14628713821	598.431156028416	566.419028694608	642.234813924361	629.499552684427
Gene_121	409.956342125174	390.641394102231	445.7522392357	452.977925815112	419.056493279289	452.073086275245	472.906644178944	498.691099929991	443.741191594985	389.670410264284
Gene_122	1956.61493784248	2174.12571636529	2792.60524049435	1724.67452572611	1953.99488148957	2295.15273909042	2221.97633897931	2869.28315525828	3029.28554477402	3068.7850295926
Gene_123	297.583329225432	288.72110106871	320.419111799897	250.488596625986	267.398073073947	283.110653965326	315.17515604261	280.62570302894	309.226273588156	294.608331492439
Gene_124	321.292569199198	326.272445309553	362.908533562492	309.538686490233	330.54077745547	342.53837437788	376.031120566563	376.075624457521	366.452036547053	343.584939792323
Gene_125	419.157539206473	464.263790181648	474.63113294438	380.271306585479	442.777710432353	505.252733110324	529.474891098275	420.263531626511	556.217365766015	496.680387882701
Gene_126	468.285394329299	453.552004955053	498.17990329949	348.521949935967	420.416819138999	443.612791875071	397.637498295844	489.822599766925	499.135233567685	510.316195421135
Gene_127	253.446838482119	260.798233264065	255.469505153356	278.127610566951	257.97068122741	235.282772188782	232.902563727835	288.806105507246	242.851776740502	248.749132527283
Gene_128	1052.67453778419	1172.52408278107	1136.38531607833	921.196819702604	1112.05573249723	1321.14522503691	1426.97035616708	917.307751945092	1393.87312345699	1124.15044348128
Gene_129	315.165102626639	296.554501946899	292.194072251021	251.763902308833	286.961919802772	287.140669218474	276.302138939391	268.688364735425	279.28380948376	271.035575603991
Gene_130	450.418740043589	471.757040566038	511.48467665907	457.904370106949	488.830020441804	553.114230824634	618.870587269645	504.892559690517	581.647919531043	495.945041189529
Gene_131	572.478979816531	658.18408687713	558.029653624155	767.26488256032	648.556620496937	618.721698741341	632.275213739647	655.365900246862	634.916787334745	597.058653663919
Gene_132	720.65158375632	757.493182605476	954.532957985574	661.423329691963	703.795866848382	821.939396894863	855.193980745772	951.772701863894	1029.93810540843	1040.87825741761
Gene_133	535.084444698976	543.764774340677	547.556634335559	697.879526378981	560.602981998403	476.402936686055	518.169823265021	701.244059672821	480.18132812129	487.975332234388
Gene_134	514.890935387509	826.647257002867	725.532186062103	714.904769877085	822.345309857755	742.725614031666	606.371676681047	759.702058088248	773.554012289157	753.947123214593
Gene_135	387.784726860958	363.640086339047	385.594700349363	361.179337717123	369.818852746355	379.779823073681	372.109055073814	404.341718508052	369.362476386158	337.35742452488
Gene_136	939.201534442823	814.079902352923	941.48127867447	611.109366137922	773.946600514573	566.390180898496	725.007233357188	916.102228936671	574.567064723452	676.333911483719
Gene_137	675.270676523786	762.120968268629	722.249201394392	679.067208190274	768.135054022961	905.300464350957	981.704394375913	644.517890381623	948.867807564343	774.46962995091
Gene_138	425.789492472801	437.39723312871	431.738518280052	327.584359055986	401.643012243042	440.433511186826	437.37272358023	361.255739609716	457.008028733385	402.513569828824
Gene_139	328.722319460663	331.830206979313	316.190404236035	309.283938410537	324.775228089322	287.65598198264	263.84588898857	341.892120709541	288.475401951269	302.07976905443
Gene_140	626.972877688789	519.000849553937	665.495749252523	685.723621356431	604.091113683634	648.30444254867	652.467811504363	807.038582602063	599.521869568871	541.007184509996
Gene_141	460.49559093251	419.198024563747	500.130642769501	482.852720002085	457.502137852102	486.673893763708	517.491271513468	558.886234236665	474.250184642186	425.466561408158
Gene_142	559.149694849687	579.385209622327	643.125153188641	582.53413412404	569.90081951082	663.38904245617	765.048001806933	577.542066345842	700.873822906041	622.042406461643
Gene_143	259.535894374607	268.927893671341	282.714605480469	266.585326778774	265.706881345662	255.760052316382	276.098231524053	288.859054486602	273.768783077314	291.780875213965
Gene_144	325.20072917521	384.381870328801	376.373762605434	391.920239213813	380.648151811634	373.905309906087	359.345925184677	417.044981664432	397.249203119156	383.931792907775
Gene_145	667.658024769355	704.025896672965	744.332450273215	565.887787570947	629.843342109427	698.550402329532	788.446653596501	624.439652264587	762.996072285837	665.662197720928
Gene_146	507.421376966612	472.314845307438	531.723858188304	364.499469306414	449.622091766359	405.522247676001	476.251923283516	516.122079759078	454.829963080391	477.578362952429
Gene_147	319.432827233016	322.826531169936	373.598478526593	400.550889955144	338.289466993471	308.720891964434	344.012233033955	461.052813133308	336.648004227336	339.143725185649
Gene_148	1094.28321285274	1182.75764046831	1144.78267690109	907.849141734983	1128.13939646801	1316.09867267847	1417.59704970895	928.786454905388	1383.11286608111	1141.67310536919
Gene_149	905.773684333343	1021.93278422284	922.825050810034	1249.7011043681	1037.28486435644	951.959085771647	1038.84950571571	1132.9230281806	991.242697486075	944.704829824917
Gene_150	372.540646231611	387.821998276403	368.837816562573	349.989493514024	379.441244466151	377.589051801963	386.063429258875	363.332420080592	394.048228720668	374.017393940732
Gene_151	291.313015254486	338.809931903115	316.139251542819	337.62781405274	343.69066872812	329.869916609239	329.006826453962	328.050941189563	335.154745353537	325.725154535551
Gene_152	345.745068215608	364.573842695099	335.283930133157	360.737184884082	375.683020608444	351.656077223447	295.918553801534	369.772103747504	322.652176119969	315.48881717567
Gene_153	463.168944828089	557.481125675941	590.338472344729	528.73851337413	528.911394545247	552.17405615243	546.409207753695	631.335782444587	654.357953817953	642.835149419573
Gene_154	328.632754300187	370.237542902313	398.497664378366	395.509392722683	369.53777365296	357.410477154926	360.188220577157	453.934054301588	398.466851820612	400.62292014327
Gene_155	406.475600950915	516.126536273681	473.904329075286	496.534587378333	519.258929487608	540.647463479396	535.612997069309	483.372756626925	561.700259944984	496.176697600764
Gene_156	361.163286316929	384.207430949043	390.513729178638	437.697047517765	383.531614968733	373.229666730554	381.921843439746	460.610894752485	395.362206716913	384.988417435823
Gene_157	287.539973032259	350.377702963499	364.830617085832	339.001892711765	341.757266341929	347.278333058486	343.93225148022	393.536146397477	390.788514037594	377.967219083975
Gene_158	406.261482607619	447.990119740032	439.516223677609	495.496802878955	459.928293162953	490.507568478817	534.341747161853	443.564571317385	495.769427798071	449.082072064375
Gene_159	270.792554198737	292.048159754124	284.186295985842	318.083399182417	300.865690222433	300.44329737204	307.515661814769	298.404482480311	295.70019260557	276.321642735847
Gene_160	390.97837843316	400.119607967288	446.014473224654	400.180563649829	408.863500125436	392.016747988222	445.363877508627	472.194921290085	426.538759720166	427.017359962503
Gene_161	534.698998497296	501.338931324435	476.570057456108	400.30470891563	472.088969236927	493.52842214477	449.656254719508	381.747184668231	438.122459250006	404.812738730305
Gene_162	279.781707761211	269.128225764321	282.885676280646	245.722645166435	261.818951895702	270.671696604758	265.84813090112	273.589588409158	277.246423541329	279.600889238438
Gene_163	352.960155026585	343.867335730799	379.249406082593	400.909387765611	345.086916287146	293.314737205483	314.249522077436	462.708715382213	307.365466992515	327.328725576012
Gene_164	379.490090607269	429.828230047861	472.827984481472	467.154671232489	431.70375975699	392.536359426626	412.902267425093	540.618394127288	441.060384315644	464.293263587597
Gene_165	438.860309698648	421.790609866105	379.882236953787	336.421849369667	407.161861070406	418.023236651882	362.385100636944	329.305976356414	377.661207707948	346.370808882132
Gene_166	2257.12531645003	2578.84113561198	2480.92637567226	2133.65006996018	2612.38265944243	3307.27512278274	3610.00213445413	2059.51381683564	3491.40461228918	2706.30691663637
Gene_167	467.038047588953	425.536766102173	501.823397722391	504.677443406018	452.252976008538	507.057874561239	622.932203273765	471.925869777314	511.20517137654	481.919684450859
Gene_168	437.688106183506	443.020140408056	553.383645674013	539.299457370844	481.444934364569	525.378506524244	593.906699997773	637.829189111644	572.956589172423	524.855307632744
Gene_169	346.569678453371	331.659021916404	349.944415472817	319.063327169158	340.888334423942	341.146619027142	384.14767058335	328.924837408581	342.261119838414	328.928594562104
Gene_170	329.568132483801	373.462820064003	425.085942978921	402.445862350035	396.913004628603	415.260132203333	442.291701192485	470.746252127264	453.334957950591	417.939549896595
Gene_171	416.624331474803	397.808222719317	420.148478942293	359.073611533593	390.954240147466	408.690760225593	466.103478412365	371.993337144873	415.744746860747	388.305929124221
Gene_172	245.868456964683	224.942097400005	238.917956536342	200.672351568418	223.448521397471	218.3889911758	214.403055674884	236.079864787744	218.674340250945	222.038424715228
Gene_173	607.698809337607	517.061524837273	581.000841474806	557.047428790124	535.542717929152	574.352673776807	717.172902109401	522.614364255704	620.045524755043	680.926326857998
Gene_174	358.111572329479	355.952041353351	396.991881579062	319.716158837482	351.883562238212	376.434176096778	409.793740492654	385.970349023362	406.291071701083	376.757915466651
Gene_175	416.947800498139	411.114933342321	459.303266315502	365.617564942165	386.324838460172	417.322857696431	468.651437799099	419.616741509176	453.450620987273	429.565345774908
Gene_176	323.153196354813	364.763913379563	346.616538227595	368.334780769186	367.489098091953	378.271511338584	376.480650695992	370.588768855419	387.539241137451	347.908110330814
Gene_177	607.083362901803	571.466145581129	557.152138138994	499.563589404667	570.101835582316	606.817390670842	568.208682401814	524.383696002462	564.63855795745	490.270560845656
Gene_178	402.189698454328	347.923299148443	392.064208300865	357.638435754104	359.908149102675	381.9559570128	379.933575337906	383.785157904237	359.789332881376	343.436412303255
Gene_179	548.71528619774	555.068622418592	528.209861965433	438.524072429263	516.231628811208	568.070189080742	573.844589397874	412.116743567854	553.344220029603	479.121170771773
Gene_180	276.947562327449	275.634194178991	296.312114578939	266.453117222882	272.394669199985	292.63254060154	311.159057660314	288.660228558918	302.015227415641	289.992840657796
Gene_181	770.337940042347	745.950311579264	948.974953015677	880.694292984987	809.130647684489	925.018175229031	1076.76844630349	1048.42844890675	991.703694711354	848.204649734024
Gene_182	558.570449747505	553.138029280312	519.25480688282	406.429467523026	517.297064760372	566.105119657577	522.823906132201	428.651539655845	540.672065033353	459.280072469475
Gene_183	545.156693558615	457.958671160765	715.613898620537	730.208035587382	558.090070113928	600.963632426795	726.907906508002	927.054592016676	643.432222097056	613.030394433209
Gene_184	521.201981399876	598.487405786368	581.423663050077	649.356069083239	599.694615775235	614.361325149477	668.517281577963	644.358500757603	672.508746419167	620.217393798921
Gene_185	328.358467908238	318.344983791708	323.038025344064	338.211352864593	318.791327373638	330.747103582071	363.105755155439	305.456393611735	325.731400629569	313.102936602499
Gene_186	518.624211591999	544.69071102349	568.888332352741	484.477800259009	555.698128069737	591.347827627338	660.967797938096	546.969493523667	645.591505168753	601.346828919332
Gene_187	308.977611414989	326.466435023783	363.06737429371	355.648552655484	333.491465023004	362.296042545462	397.480427536515	348.417536040868	381.042933160708	381.066108753461
Gene_188	539.789931828845	513.906302135554	531.613158362348	433.5682043143	501.088228673164	494.408020548989	555.924073917406	490.853305459959	500.597281745648	476.799190566936
Gene_189	624.876632157678	685.053111884418	647.106971002115	546.044767972153	656.155844598121	763.030181724719	788.911867796117	534.892132924953	784.251632737012	638.042569080895
Gene_190	509.462067766913	488.584115619282	549.541317609852	526.861675123789	507.543064170413	553.039367169479	581.038993268918	579.364938986107	550.953788929712	481.328691714547
Gene_191	555.930772474173	721.56177110792	705.881878871529	676.472036184169	732.274013304814	781.655091435446	806.71576351427	663.630232190835	823.478821259289	741.454637983729
Gene_192	581.380782469053	425.0427351506	473.335293567318	683.30513963971	518.997742677208	574.504915464696	734.321553528885	373.213338461061	419.166012622239	445.740068628703
Gene_193	569.751987869884	615.614586698035	637.259862906484	592.536781904692	611.329541305642	715.420812011138	808.846801591631	540.593379211879	745.134613279816	655.680790285206
Gene_194	824.443925017327	770.361198830042	734.119228425909	511.59220320713	670.908768782685	695.710790696254	605.07280932322	544.788039344335	643.345933282377	604.624734425815
Gene_195	367.300623147455	338.794947833667	368.167561583759	413.297784388336	359.182187614694	396.659030675957	470.471521313232	322.306288257671	371.200098485696	360.179816859968
Gene_196	434.591834574745	484.476014827302	464.775952579879	406.062264847001	472.956015747158	528.998812194005	540.355626068775	404.715415436002	543.409462919265	465.931514715411
Gene_197	913.482509293827	996.060760419587	1010.59061648372	873.427059498993	997.351391141564	1195.6512314855	1336.77538513834	883.473896900358	1260.03484995694	1022.11399487335
Gene_198	225.734169575429	233.486791001059	242.891851158491	207.52506192041	229.622101423839	237.249308656011	235.475246939514	236.891021401265	249.285282543608	239.363008396639
Gene_199	341.568280290258	396.150109327519	393.468435175274	382.689890796908	390.035581428596	418.472551576274	442.694414917746	402.58429285713	462.145184431997	417.403715038366
Gene_200	477.5133571236	483.675716691648	500.917377356552	411.018286824924	473.550438167796	491.474064647206	548.382875874082	477.539869770102	544.086877033421	525.350608671282
Gene_201	467.068982751162	467.548088059186	505.383621225865	438.785319597078	454.481757876675	503.408475536166	544.975328964151	469.200672900107	520.271486888831	447.053136115795
Gene_202	479.719323577582	491.756798470703	520.71689483033	413.69687962987	490.097318705183	515.868586513552	575.367265631331	501.824283483857	565.009125945586	524.734254075047
Gene_203	409.449304865863	394.296925457428	390.967160709265	338.302915378252	378.535844758571	397.982526541452	384.783657559653	321.167588986765	370.911834523714	357.504055329487
Gene_204	396.751330733341	370.351395261444	392.947838351627	398.693877526265	382.911003779421	385.767363924715	350.743265068458	450.029515640801	373.995857069005	357.88505228614
Gene_205	357.628931170786	386.152841395264	402.566566389503	378.388710127363	385.018942613168	420.648310920907	442.871758265796	408.181672308825	449.473692301964	393.048971642003
Gene_206	401.920498965023	442.257812155689	511.372457164822	436.556138675451	443.651051288456	450.875440441851	460.802322021885	547.928796803554	519.782117114832	537.725714621602
Gene_207	424.820050653815	395.489643393322	397.043555885943	327.623755231759	385.004210492466	403.407575965371	346.346631870295	381.593857317754	384.399686159272	357.067854596621
Gene_208	792.62878923107	682.582404122465	787.287163045498	749.515223472586	694.266079900361	728.691302352125	875.125497971804	719.493195493685	699.176939323884	678.991885616041
Gene_209	486.665578287955	464.717229164283	440.928825339925	404.275603635009	449.078483488245	468.598956710822	446.910855160957	391.321129705601	438.124992453428	404.687028108065
Gene_210	548.942509300805	524.363218103194	566.937924590013	391.342932341684	492.505769282314	539.093061141295	449.909712974292	543.699560670233	571.406786010195	568.485318001822
Gene_211	410.003072268947	498.625878101464	529.683718878701	485.87879298752	506.249321545215	539.811871081631	560.875000509813	527.352074885817	584.410445305527	550.659259943848
Gene_212	902.382523571881	1021.88832497671	1016.1785772913	879.686123124542	1000.38802368328	1202.27685566471	1329.23468403004	839.633918049475	1273.56792921013	1037.55724303602
Gene_213	304.581590962329	294.493435303003	328.002419454272	330.558509396126	306.183540138683	295.503305012031	293.83789075097	383.215603883416	297.971196819925	297.423406133499
Gene_214	397.828550738055	386.168711769263	416.520346287575	370.771128349964	376.131450082944	368.217707783838	365.706248686919	446.77243592782	398.540964853364	407.376049807398
Gene_215	555.284641751839	500.523634464015	428.462916943704	354.40914126993	490.281304524752	503.496143791947	377.528940675395	359.913579284578	411.641580801261	366.426722787204
Gene_216	521.832664424942	609.028003939481	635.78429518177	563.259991289406	606.424985689173	703.81675057066	753.865545105157	601.800291442924	764.92206625517	665.824863830997
Gene_217	587.256265459692	587.160658793878	697.118406189147	632.809475122398	613.240886442287	703.350160777691	808.185423960542	718.034037460826	754.697407467237	655.580573128371
Gene_218	360.745933868904	310.899220077403	352.94511564034	329.400295048852	335.845710010938	334.807499084718	322.741463712975	391.930658236496	310.324539775445	292.411276100192
Gene_219	385.837683533953	393.425065795204	363.001643090295	409.150529392505	399.351747352148	384.605959251615	364.460096106061	396.964144436307	360.698393466753	343.325137981099
Gene_220	360.372546532334	310.610477718881	398.143852805482	360.425609876957	328.985427390458	340.022159359389	397.767337157379	433.316241272179	350.501833283502	337.724317638135
Gene_221	482.020179977035	512.597952531225	616.447315055022	631.166689338438	569.803587358931	641.412777195921	726.1468791329	682.580230085911	667.008823440455	580.399361572882
Gene_222	383.16610073776	361.960026266739	333.696424411396	286.328722011955	363.565412887956	367.097154577936	296.206899983658	304.491985532861	324.935532934675	295.131372877399
Gene_223	507.985625209974	444.269005641437	425.296012570677	384.405466195111	444.425754648091	461.970579289255	406.949981173282	360.794648272103	386.54849569919	366.688651524795
Gene_224	351.579425367559	309.08681362558	374.081580834993	359.761258159614	338.35403105603	357.761582946273	351.239666121016	429.632543062248	341.648026779146	317.332062684914
Gene_225	483.70676379976	436.371996649057	683.3462452894	678.447004980691	525.111467155779	588.359735355157	689.92766063582	890.355908412678	646.578567289017	581.177635173929
Gene_226	580.105288344493	501.951526820056	490.841572237402	423.846599407743	485.178368398636	505.960552602753	471.830873547438	397.717387010066	429.032629319123	400.604008344066
Gene_227	336.693037689201	296.423594493392	311.061580393999	295.626729829646	299.853542125937	304.149529056824	309.813861858664	296.234678443088	278.53444935996	268.197304801425
Gene_228	368.283809784144	329.208562636467	413.980984926134	336.234381260385	333.736495863068	335.565082636707	383.950799160003	440.28656099147	372.86254092853	368.382176989342
Gene_229	321.740353937284	383.075131920241	406.953887534135	454.698733889991	400.03147642073	395.953683430399	408.61405137673	483.316952618543	424.752882873382	402.505935297193
Gene_230	398.821198747981	336.852950842818	393.642462870704	462.805851586044	377.066546666198	418.175071048839	536.224002407722	348.054570203587	389.508904129042	389.152403703047
Gene_231	419.265080405496	392.774021173433	388.931501621228	275.035919508973	357.579190833554	361.747914563239	362.17244094307	321.716695437693	389.776617118223	385.092978981659
Gene_232	268.407235951213	286.44301814402	340.828054075345	316.732124755883	294.516349933127	305.403356817152	320.091619012855	384.446173172585	339.224325409875	333.486258508544
Gene_233	405.719057961041	462.476740603692	498.63519818921	463.264126348185	478.137287365951	536.173640216668	577.898253794257	505.903692532583	570.28027134014	496.721033269935
Gene_234	389.107804394901	364.321118391723	447.768335399655	430.380682217895	379.611381223669	422.672506389829	484.757014282411	445.547423693543	454.062851688951	466.923350837824
Gene_235	390.841722531934	430.931030896071	526.417006662766	511.782437015103	467.386716792998	480.520839234911	485.311222973589	630.721442742364	523.384673707362	495.295788945019
Gene_236	754.440247832812	849.942518494344	881.826318879382	1034.11917075512	924.928439080344	879.879389787268	831.12575079352	1110.59357062805	866.712396115388	814.831956566689
Gene_237	586.389153854457	529.091614111898	509.275350220317	443.28051159471	536.016118820815	557.727862271052	474.446066111396	465.128030963011	475.534296038561	425.986927389981
Gene_238	656.521426147358	653.157836657752	717.222736500155	676.643344954432	651.549308249784	755.779816919053	890.234193290934	606.993338097224	791.97154155722	746.044158223636
Gene_239	287.179568724609	297.665746996751	293.190621477985	307.89232539131	287.661921925078	278.997538151262	298.993385428253	308.573087048192	290.70668044754	287.086723331202
Gene_240	529.21504812511	529.979302867169	564.747557319698	607.703336087057	525.948626872212	417.235418272453	490.923050081237	679.071616916937	440.978373745071	483.524069127403
Gene_241	468.521890745042	444.229817491289	565.155595150874	460.953724953858	437.311143740341	491.675933641535	544.281964455196	566.676220560954	561.254682576063	565.290158482127
Gene_242	307.461235850468	256.918101544499	273.857738531142	243.265537039982	262.999349945423	246.353224019323	261.694576289784	261.328034589361	230.155816833274	251.0137370347
Gene_243	402.937201535681	385.553745696979	362.081486408619	332.126016261026	373.132756154416	370.0916701744	305.990471100726	362.423953866049	349.286628119621	345.258184263038
Gene_244	551.725154829726	492.890474183598	571.53093308748	431.210040790563	480.535948852705	386.783775803434	481.697480642087	582.043663002924	404.935951520087	453.278488525948
Gene_245	397.889040722236	380.418811065968	417.044520874684	445.619506968117	397.060167708114	425.187211676163	473.823368893564	419.352856260383	418.049991384143	390.402848287999
Gene_246	488.824042177834	563.059652599488	539.82452057147	488.589762256642	555.167635537039	609.458868997145	613.170916613145	482.728645041552	613.828608268046	525.694473673957
Gene_247	428.655336806361	417.93980898204	392.73073618985	331.2340520066	403.919177207807	422.235054992825	379.242494755118	337.889379889075	391.795213118002	348.007161966437
Gene_248	368.643454248986	305.115971274979	371.200679635663	388.837499032491	331.807867275664	360.676144008944	443.720359517944	347.96111216292	358.846133351747	385.023011406517
Gene_249	776.525633803545	824.480656020829	999.50992318312	693.159794789426	751.669204479746	866.062269233189	872.46236841779	969.238340988615	1053.5625580082	1043.21483129623
Gene_250	395.588227331227	434.612750913874	450.021075460171	388.173154406353	422.476739376644	481.520277911638	519.71299989726	406.662691885578	522.395173772062	460.616182775047
Gene_251	249.390699894353	247.286465385553	247.236119585777	247.724721805283	253.426942660607	265.783487486171	282.651684421409	221.154323160762	253.45658743117	252.890987959452
Gene_252	861.112302139885	920.9767783582	982.440324432502	897.977947069808	966.717709503	1158.071473774	1291.22280088019	960.753018800625	1229.02066472454	1005.37702872886
Gene_253	368.358333909961	342.728285015999	394.625861488618	307.6879895184	327.835982018167	320.023009605397	342.151084739565	400.88114749875	363.094233658211	389.28361475627
Gene_254	795.626457475859	681.842786429612	597.152295503786	621.805585876808	702.870233681697	664.777002653671	493.782026286952	628.124500448134	517.091448084123	495.522213320118
Gene_255	344.315608128587	318.491880386148	321.867787170823	241.162857073336	307.326401043198	320.722627236628	260.683478204946	298.473633988473	312.683161052947	310.914677888577
Gene_256	467.989549866889	450.289294748385	460.494707862597	325.892307474923	409.517825498048	428.104287916459	394.589002411896	405.237882998661	439.878301539601	412.62693884016
Gene_257	283.737402486635	283.80488820011	321.698404603145	304.108277430506	286.498567144804	304.68825022357	333.515571999755	318.71560738286	328.654156943059	331.637545305084
Gene_258	344.492847890846	299.394678658192	372.996420898072	416.79975067274	343.912190618019	376.537345042331	429.286263292428	400.40920013583	354.780707474446	351.569991609142
Gene_259	348.26171430588	394.229952553452	477.103006306079	388.077828436452	389.468555884547	427.310193141138	432.507452092438	511.068947124806	503.848316326577	491.307576814028
Gene_260	1002.95516047532	1079.54813818028	1108.48616778058	873.422382373132	974.140152679915	1130.0003255347	1287.76990254342	867.247163321416	1227.55312781915	1065.68149963688
Gene_261	401.458556669231	418.076806076537	443.851864561319	355.595795426469	384.783676791858	429.946279389818	461.400088173368	386.483100828943	454.203610213126	401.549575303604
Gene_262	420.800198052742	418.326912028678	465.586855945192	456.002206536989	441.403008330405	477.80955438979	502.679197581799	495.272654017992	479.46955749341	425.259901144371
Gene_263	493.237067708844	580.518053632303	618.734386540739	626.373293781095	555.709189932557	564.676180280109	572.786181807252	715.847449682143	671.86210965985	659.730810894755
Gene_264	289.592092018859	289.568145654049	333.411496113606	332.476657662538	312.048366654869	319.91776212542	336.965248757095	381.641079154142	323.028525611384	295.569163413136
Gene_265	667.753067720558	828.190216503061	690.399331073196	1118.07399279953	822.528805874642	643.082467778244	663.913865831916	964.820665427006	677.49215018902	721.811172029948
Gene_266	293.113035680362	290.867395945089	322.049649790161	303.55323171222	300.687023696581	313.715992611258	336.248091693378	333.185764949719	318.445188922728	300.540624446914
Gene_267	405.010503030893	372.168527341062	535.07382206228	586.819396844557	438.294243305339	455.127423783631	522.709241216033	721.081345386983	494.983115730682	459.790074955772
Gene_268	340.506639660104	335.979128129686	351.995444676316	306.222091782113	339.264452388546	349.496447914863	374.953228003468	338.53974026188	355.929288632567	327.334968691417
Gene_269	325.164146914616	340.380148747606	329.695590325623	323.693573228201	337.467250341306	339.542548103656	339.952144067856	332.663881519175	344.502413567077	324.178033730979
Gene_270	478.902976439502	561.667740291845	468.436668356191	755.420067381136	549.298488343869	444.883972558245	476.006863853554	636.074651016766	466.470666088614	496.063649935813
Gene_271	429.668793322438	452.452611036629	479.436659768203	616.320535113106	483.448194132441	446.478266214068	458.208116515944	635.133344367043	459.225458237218	448.951756437245
Gene_272	339.82200887863	338.740485882155	330.743894607962	319.75426820765	336.317024837134	339.651074575534	368.169514708575	313.183933495121	339.910159253803	321.531539107693
Gene_273	507.54492457551	431.394886772667	682.672961583669	691.979216733053	530.872421237879	576.217971509813	687.880907003864	903.24030841306	621.212364183522	563.543520273685
Gene_274	474.878895885299	435.101021322074	454.3452596758	390.577974224247	435.929089046701	463.176662328941	443.461080951995	432.848728860685	432.436003752164	390.203153952639
Gene_275	251.423913669237	251.04826905532	273.258162803047	229.976645408961	244.894611408097	251.162602530537	240.98999938507	284.910387413109	264.010508622732	262.714977828909
Gene_276	377.732070699651	449.732327830294	467.367640766183	503.435250773059	441.108998865622	429.261817737075	442.289028590542	547.33201623687	491.719996423526	489.640460132579
Gene_277	399.616471563794	342.137560630258	388.248697182194	357.186065567036	359.311623080033	352.547485264963	448.761144315625	360.170659997515	367.226052000878	406.19494909798
Gene_278	608.385814030446	682.72791747534	651.913938733821	592.69298354217	665.224387700057	778.721041901872	837.957028295938	562.337802695628	815.415858298637	680.179904070337
Gene_279	364.92369552106	321.338783717486	336.566264285596	332.244141949785	324.462863145602	311.01438660796	328.67620750538	336.740444555788	299.039687177062	332.206208639953
Gene_280	420.399529520048	467.559508145545	546.164748282227	439.414650024906	445.491134975382	476.028396408918	458.375627643379	598.929871234521	571.676281485257	565.86310447068
Gene_281	390.207754070326	420.948647589689	456.043465901793	431.648755622658	398.517882458768	375.101792417652	388.687516152756	520.956145741073	443.320770432909	461.847484078996
Gene_282	356.180775758821	341.923155748161	340.454387078577	270.794148127454	314.022125021753	331.83134366724	321.369270608506	284.013547399426	320.527258574746	292.736556931878
Gene_283	316.971896785695	339.513936244576	318.518658589197	349.724966886362	342.729349970486	310.320204099692	322.098638060862	334.354492540322	313.040462166115	322.395216363924
Gene_284	282.921756476056	316.488071776252	336.830837480275	341.158775450912	318.718561973449	319.145414366869	321.484595082787	372.224738444054	348.69907432715	340.86322546525
Gene_285	537.925978398109	573.766635489156	615.948388125627	489.454738384351	527.121477545853	593.151088236702	641.04797303669	549.526690367592	637.931800802358	545.872604940478
Gene_286	679.719540194567	583.80088521799	500.598473806877	456.173487223383	579.78483005937	537.250145223807	380.6059532926	486.755314453233	432.125532228699	435.284823829535
Gene_287	402.810753592988	340.491858093946	410.339141556812	389.968253932222	356.928936762712	378.902553657818	426.32388248748	406.30914639831	365.353514345708	356.76267129224
Gene_288	328.37033101728	346.643700240103	372.917148307499	411.874685632059	356.63207303026	329.619969000111	368.88762907687	428.077304290575	353.428028254957	359.252977927257
Gene_289	366.703606252819	394.555327536091	441.004041944527	373.731980836288	390.3709150162	425.168839748028	452.960989241059	455.727657790029	482.404262696561	452.168596947795
Gene_290	454.326373985704	407.664883011213	503.099087889095	473.381319416028	421.421897163303	443.305441577665	545.76816296021	503.4966253322	451.570725541963	426.329947374502
Gene_291	738.510414397551	789.592250233562	889.392392866065	667.442266393948	760.221836715193	888.131160942324	951.664036175023	844.848178178629	1040.48560906839	967.256738553564
Gene_292	291.436986625873	286.148639692943	284.536306282624	276.140325445355	285.680403458158	274.729907858587	276.752127489921	295.85343336514	267.989564563642	262.892015567176
Gene_293	317.129532725699	353.180424660921	337.548246062673	371.222722043179	343.410531339589	322.758981177897	338.270316767346	376.785290244983	346.705042247916	349.125625367704
Gene_294	370.216484677403	369.222396056771	379.486519778259	294.323521966236	359.133889011004	353.558522823974	386.567155007641	359.38406576174	393.77060274054	396.537721339848
Gene_295	393.00338983158	425.026809648591	454.375925087999	391.419731985015	414.775497345949	466.966805561463	509.953109307151	415.487383685167	516.078248230078	474.396001466266
Gene_296	315.469945613536	300.711081340791	287.493027505547	263.032679756734	297.294462913207	291.70633622145	255.304961465626	282.562762126041	275.462993309588	275.000956121758
Gene_297	671.201514855305	653.949154372777	756.495830762333	656.597460027995	641.185329784603	728.216704943406	865.402450119345	691.152825614343	785.844993191881	729.848573190113
Gene_298	464.605935170102	434.616587850631	402.497422962317	432.839110805233	425.862005109299	372.908057088238	335.1228487943	444.415309465366	341.707565021646	363.161701910236
Gene_299	606.609951412032	450.164768015052	488.127191135525	500.716090190307	473.49727590587	458.883651820429	599.851789131069	415.159120796465	451.919456401547	553.051820865396
Gene_300	436.087217530512	469.150493110687	523.760696228936	587.744314984331	510.127449814845	529.081268072865	563.717050972918	628.770558792846	553.409082928232	494.534972268089
Gene_301	478.706280205057	441.163580550949	606.884336962618	596.576148379233	501.639115739624	550.070288294585	648.165716014267	734.267453440236	588.722034510363	526.771098363834
Gene_302	346.883858264459	371.193145783929	378.283389017834	433.962180362826	385.785554943929	352.031116996132	357.320469988839	461.133504075074	354.592576339431	350.808722577161
Gene_303	408.113960494943	426.828495537347	418.992265388966	412.055018057483	430.644281848344	455.778502705622	478.946460363916	399.989351877829	461.277587682379	418.504071347277
Gene_304	805.578060571172	884.708797163877	1081.23326388879	778.534828232507	804.650619788477	893.784209391102	864.882449879106	1158.79160828371	1144.06717449044	1161.8409495369
Gene_305	902.711673718846	826.891053324154	1090.22209394151	1054.4301126712	916.198170153584	1033.84324907939	1255.48348424658	1212.30243666198	1104.10738676779	991.809406516341
Gene_306	373.790837102157	328.039554683391	310.012749073557	259.388187138325	316.036736121502	288.281275196329	253.118692485164	295.692402439206	248.258398689866	261.486748449595
Gene_307	651.526742565322	697.07692745597	676.805091352692	583.316586807811	670.351793662603	776.462312460706	837.345150404732	541.224867753123	790.998630606875	659.707419148759
Gene_308	421.678413941817	498.567033715105	506.057879246377	564.129517826139	474.650526973282	440.500073315874	454.38432620586	606.579977477582	515.465842655036	536.349485817602
Gene_309	542.185579581068	599.053710929508	587.126743395278	564.20120589174	584.379364734284	661.683042675582	720.917758732157	536.963109455791	696.19059905544	597.831730046964
Gene_310	428.498950885037	375.056735774491	334.876017247906	341.443679291007	387.820354970547	398.539636912905	339.948177804467	282.742012795678	312.356576656403	298.174554196114
Gene_311	286.43547324444	325.161791115579	356.165976511659	297.245138983082	319.310907677258	340.282944551308	336.752834863716	364.663155533284	379.548041717899	364.019666799196
Gene_312	581.570650856199	635.696496965376	640.242661488385	651.344767237163	654.917421165774	714.762445787564	789.770633231818	668.384733070488	759.528225781573	657.175514066085
Gene_313	475.274430053757	477.58584442096	514.370517327529	406.590326493063	435.952026525945	480.287150073044	505.647401128821	445.801378017285	512.999699711294	479.756412214172
Gene_314	320.348183047571	311.582471087761	326.981721838271	274.52408391066	298.180821675443	316.962480365421	311.21767642959	304.041064779506	320.405197167469	298.594365714239
Gene_315	364.438846139076	379.085165339808	368.477856162671	396.57354524073	381.722175370352	387.644291618628	385.139624355556	389.131153560309	381.463090555613	353.685017986803
Gene_316	408.176972135672	435.104712873028	430.607736454653	382.265496542473	430.115205164379	478.371506219238	498.835981958739	402.713370532008	499.908397286491	426.964815658118
Gene_317	523.831077965288	554.020822127236	550.646799408428	514.313627468367	555.72743742545	615.867039587636	652.729335151677	529.407615002785	636.774591398205	544.277113743592
Gene_318	344.184051307105	333.240095308238	355.075217213794	317.80963766955	329.533169665388	344.671214119504	394.610134606982	327.93231797484	357.675764790712	337.949046691054
Gene_319	306.426050481862	303.182508411936	323.993961076743	301.871471719982	295.15032307996	290.938976994352	290.921055442175	347.278772644723	308.381874009897	312.255455647599
Gene_320	355.002244932875	385.270877696838	367.338838541869	340.860145629769	375.039359305364	405.504050308138	413.717787134948	335.681572629987	418.775544783447	367.941204287199
Gene_321	293.496094385269	315.356737018259	339.254570160488	313.473409703344	321.283040012445	338.336158444846	359.663998054651	342.347054563319	349.930120197471	323.43784388602
Gene_322	379.391934280033	359.806914496888	379.279201772771	368.817546735805	357.536103710698	314.405112923569	351.411748194319	410.5232954862	318.65466713448	331.051562007545
Gene_323	414.068677587701	381.060548628492	389.828847874927	362.035823502748	370.867342331895	343.222696247897	335.983442341824	406.306703284121	355.570600691889	390.317388921977
Gene_324	360.137424081982	371.095458963828	436.912581057511	413.518544181561	386.449782252533	389.756451126937	433.473660158417	495.596382823486	430.822876906766	418.009410704907
Gene_325	357.967675376083	323.683819922683	319.625090878942	299.583279297175	323.034725901237	338.285013864125	339.576121609903	273.391507472095	303.586019786226	289.243020996867
Gene_326	621.599635030835	636.963336372322	611.4429291026	552.205568437481	625.723730851145	689.61322702137	687.922055169392	564.526912907743	679.729567573532	575.825504044303
Gene_327	330.874521845025	320.861028175106	314.027328054552	356.495424972844	318.575674489698	270.516124357879	286.915940361238	354.356469590842	266.689558906678	290.753116066526
Gene_328	552.970143834486	529.319153381236	522.379095712284	416.34557276651	506.63813871265	498.407891273197	522.957460152458	470.188486312093	498.359094455618	478.33305234191
Gene_329	451.714116569732	401.283999593234	501.686201003757	531.821077038842	462.80696187665	466.902524944571	478.748393083661	634.745789470803	453.816245774675	416.055750876421
Gene_330	796.986992666336	813.958171154847	778.047921581491	531.801399828084	681.085970166739	716.890823176758	686.639308909378	563.624251995971	712.962893904737	620.347777862338
Gene_331	881.156120344126	1017.92160970849	964.159093487126	1361.72117179468	979.166055823351	759.891813617515	840.859134275203	1317.03355958587	874.31774050471	976.180230666017
Gene_332	327.291429497516	283.152736370902	309.608386715923	341.350514673487	305.700269883334	330.326331961296	364.985986178916	284.408807989049	291.142535667241	290.553397610998
Gene_333	742.640373177224	791.371040946808	780.468254479633	644.147175972757	757.108989494744	877.446413728255	951.970894019631	643.555202242724	904.827634833443	754.112469314664
Gene_334	294.218013247897	257.05009422081	250.747341585361	201.538672735452	251.299369600041	241.930412773411	226.433437766792	222.238728452472	219.459033858794	222.973509647018
Gene_335	354.597061781566	337.310575568066	357.420577555714	273.651934004265	319.310711796557	342.382410902506	327.286360557476	328.84465863421	364.253958437951	366.399618287559
Gene_336	662.227561898305	625.368416002562	705.713857778314	575.827357728338	633.115563717491	640.52390888384	750.321828834857	692.250000079239	665.283656451712	616.553728104959
Gene_337	428.660217252415	410.398222259904	461.41183478548	377.888437371705	401.531031842755	406.509392183716	466.737578540564	448.859263424933	452.940556082042	449.27411268732
Gene_338	580.267118564318	625.596670348521	621.336578863274	534.158855283913	588.96468683761	671.5180821285	722.954106145481	540.716277152776	709.409342835825	606.451695827351
Gene_339	332.556990127409	343.890029633263	410.884279023645	331.822796710236	339.854128570975	371.202417047576	371.788672601978	436.713125170028	416.442135881434	405.491512362192
Gene_340	391.018581499415	373.202049730518	365.553525578757	336.095856498439	359.638638945898	385.06703271817	406.831238536378	296.510403834479	363.501920628261	328.827804065148
Gene_341	539.185054147215	462.978348088918	482.448916803128	418.093418558048	472.634318596748	487.285026309693	406.041507038117	498.260458978478	440.552056300805	412.840374650735
Gene_342	371.353774059549	396.927732684725	418.933333014644	319.892395444881	368.224171056736	409.882538116717	423.220390799141	377.145530510973	456.947041572419	423.128415265824
Gene_343	334.518718700707	382.681648156422	379.629607612082	354.971760317968	379.139772168521	414.791767549548	423.865862510089	373.491598098689	435.700330598393	382.949313724597
Gene_344	303.667652346842	318.505405517233	301.855542073923	354.541655827864	318.531641576274	287.325363861675	301.772192029734	349.010510051121	289.004684353686	287.753318899516
Gene_345	490.483007822995	398.109786216427	525.244279115206	544.697549459258	466.350243877454	475.228582768104	510.125670279699	650.409807762443	443.789356310934	416.101263744846
Gene_346	616.903837234381	674.974786512944	697.905423584579	666.197238508907	707.216023183028	823.176604553968	913.156266110653	690.096081210576	869.495951272996	723.280577505924
Gene_347	494.758356476132	490.005948970921	542.575224660918	523.540695534533	517.243791924186	565.053136966588	607.302653064057	587.801962342477	577.221608864627	502.039262347385
Gene_348	538.821108221635	512.536751343812	517.834578347799	507.357772601828	490.503448673442	541.423179648612	625.252215743129	404.153082772021	516.467984399352	468.289520926793
Gene_349	566.687713415417	534.419814195744	596.846333215091	435.122481757423	493.732948143987	408.707313457728	463.890065963048	614.145149828265	478.101254884333	546.997004279056
Gene_350	363.592649010492	385.514056387724	396.659655469129	343.859974191324	368.770589216588	394.295460780396	404.725253946855	382.881244277814	429.629095542579	398.888741891738
Gene_351	411.05136616231	442.430343681032	534.847841197602	487.812129947763	456.713870161732	502.780982869541	543.593326378264	592.808684587255	566.978730317628	527.003671090224
Gene_352	479.803952568597	479.597827873577	486.287985397501	559.045149531665	504.939122723016	510.948814921708	513.656881672908	561.905679575174	494.447493174117	449.439501918814
Gene_353	855.890831082871	932.279434525662	930.454248321543	759.245094197054	933.156111608303	1102.92657955058	1213.21408363635	814.944734323385	1185.41619504758	986.999800813186
Gene_354	499.480017079253	440.067601300562	440.438112105739	420.556925757739	455.397518082887	473.671306999763	458.024769016128	404.160434270124	416.987221082914	386.027730954028
Gene_355	278.83176910607	262.825652317315	279.339479758952	232.155122114935	256.97458876212	265.448459380282	259.059728085397	267.118695031411	271.613355811685	268.903526259937
Gene_356	398.380256252335	500.467600107827	434.10304948716	531.991358998868	494.910820772603	433.174336756321	412.645508447945	503.530685340967	449.158767468771	454.211405034524
Gene_357	494.764317893529	476.694295954053	467.104531807785	543.11038562753	475.568813979598	398.47949105303	413.286871873365	555.953963839845	390.593927744386	413.015276155031
Gene_358	486.295080712924	440.449299416331	431.090294502878	356.642729927503	422.560076940666	438.27676749021	404.323578309345	371.176991938544	398.968653336193	363.17009273501
Gene_359	355.857745417691	372.522649809546	359.033745015105	364.288745605128	360.551359657392	354.837320647386	356.884230166984	375.776117980375	372.524507451	356.467452918615
Gene_360	514.506954526108	434.625536309212	451.807931234863	447.119902682986	467.400173240712	449.277877112218	385.770032666322	509.17849162779	383.522644942507	368.54111158472
Gene_361	423.1722509282	436.798020578045	499.450427355798	542.937876808376	466.310865998828	440.245363591883	499.179540035359	610.522372337548	468.529215788171	449.592203923505
Gene_362	339.235265087234	341.133767320044	398.563761319304	322.574020653913	346.452014052585	358.822952005581	395.593271341821	414.951726238141	401.409369840254	399.002965265011
Gene_363	265.128998848748	263.069334032577	284.835720742946	265.30309333401	267.567341584269	282.276710461355	302.836620941591	275.614973633252	285.8142976242	269.56692002236
Gene_364	455.870527928232	505.776834016966	504.394795084894	538.093855838954	494.755442589678	467.869776699332	427.827751637732	590.911749162699	502.552656620938	510.875883203661
Gene_365	775.731451911718	841.455571986627	837.238472655459	786.211175809514	849.575919966159	989.917853679418	1074.78387668741	797.76275544082	1038.19752222886	858.012583869287
Gene_366	652.204918735363	583.050902040383	609.714494258863	422.205794069003	546.647323870051	445.275787700095	523.896449039718	575.708413426328	484.245103457251	556.28731047228
Gene_367	280.258912543909	346.673958636797	353.177895573714	335.715369308168	355.64914908589	347.4245846962	329.320958260268	369.921680671392	364.173666029547	357.150743398839
Gene_368	694.014418854486	649.307347266082	746.160769603713	619.249910741372	627.973628981212	637.877980527877	715.399352484243	730.487309487198	654.125182238615	608.861957493415
Gene_369	385.364072332118	394.801816228913	426.382045474364	398.808799958764	399.437804792417	442.163096985233	460.147186971595	430.904852410917	451.677820904032	393.664439555374
Gene_370	444.391387920748	388.974337996977	599.13674702118	614.738744846513	469.880984651114	518.494390189005	602.461690141585	782.689641402861	558.130423490439	525.594342891267
Gene_371	399.903230112361	339.018902417615	387.94285704558	365.300811780219	363.677765575454	380.132630114902	374.559675296605	412.425732830398	345.924835046013	314.238051667403
Gene_372	481.644952263299	509.61247853396	527.871226864727	474.277695004884	508.255778175268	534.325133019005	589.685267022795	532.155347309891	582.754902841752	530.275475462643
Gene_373	509.021661008814	528.624706740462	521.252716852783	457.447859515621	524.798287485636	586.11102003964	638.101936197449	457.056620314924	600.547994530111	521.326446364376
Gene_374	304.846473274994	291.00334805447	296.163197103063	274.88994598897	291.242713361412	307.325112984468	325.637241566316	258.546900368754	292.915358775852	271.932926809379
Gene_375	823.142276248601	858.492854273286	882.898382020552	650.639674707589	741.51588643018	800.735425545973	829.029114075653	721.524181918516	830.605521365991	714.595010700825
Gene_376	515.675525758553	426.462248952673	598.202151077301	646.236632850569	506.683908568838	537.889639615238	688.578695707238	701.679929866532	535.217144417319	503.142640963083
Gene_377	355.318424145656	499.297546749202	483.669913539045	509.357565426815	509.680328743154	470.474432040306	423.840927364892	561.662220311559	500.008099538252	487.000174180012
Gene_378	677.030599948492	710.457829768436	715.774700943989	655.786534522895	725.883785466451	839.383016999798	947.657200175325	632.712298448202	876.796447629744	751.07279815732
Gene_379	374.722940704796	410.252581377939	415.013895542982	418.090407913968	416.83360472798	432.238621922038	464.712493746946	439.847119479611	460.386156360073	417.529777350078
Gene_380	521.470743356776	476.26093850977	442.721255965849	431.407143189664	468.342145842484	419.233473002909	369.3641577237	465.498810901829	375.710433156381	385.479034531396
Gene_381	322.688496025228	378.402467500885	397.72453901222	339.756130852199	362.650795102248	388.904066521693	378.82477096094	402.642617156753	439.936084272627	419.333571145985
Gene_382	323.284948419405	317.579979015918	357.343915200944	282.279492219233	300.979458453693	322.996771522638	336.522724799939	337.793862173956	342.485965283319	317.33447328406
Gene_383	484.967332754797	435.905089497445	456.152334909942	389.741303372663	439.698366816921	463.54743249145	429.319605126563	448.44990688999	426.843217074508	375.884797385713
Gene_384	354.562655579487	330.992517046015	393.911209229389	377.834235856402	350.780821856713	360.972198553409	392.678661650356	442.971389468205	368.324664542411	343.913547916791
Gene_385	454.767512628925	414.253460000907	435.627062962443	419.600217565523	424.231399090644	432.610464306963	418.5357974001	469.869650453236	401.521602564958	369.009916900405
Gene_386	558.015630633215	599.034814198209	612.152470000474	547.773694753133	603.694936831843	693.646528409479	771.315986736727	568.960963744668	729.028620410962	608.984585974116
Gene_387	380.401962039005	439.799908530743	392.896367869834	448.752208485021	440.668553594568	417.631614940639	380.64254492918	426.263819141765	410.217290447614	393.659579841416
Gene_388	323.830656691458	328.544698791967	312.972317750452	265.283837913908	310.00337584965	330.734305342494	310.779938799588	283.454007382097	329.384621129001	295.590191174199
Gene_389	652.295612891075	674.009424994295	665.352172808496	774.678824517665	691.381626932654	698.284350252523	746.734506231561	747.492481358936	705.008320323462	641.949378069756
Gene_390	363.713523166765	378.527449952207	395.083347392089	308.650169238833	352.14078923398	384.694269816455	399.871767982925	333.258984586318	411.511311796223	378.865819307653
Gene_391	1874.94023491595	2190.13206289806	2056.61241990309	1869.62905450501	2297.19836984849	2913.59043034422	3158.05433054672	1745.99345941865	3062.1932485007	2388.70847144665
Gene_392	600.193881282112	572.896446757325	546.171174590328	399.987880068059	510.756532738682	527.69851156507	505.348263911025	410.867792827123	503.107061557015	456.890676389879
Gene_393	327.872036483713	316.736929815816	406.616813610825	407.738461555989	353.861709712471	375.43940766517	420.186140279224	486.708062735831	389.659013824571	357.828772534416
Gene_394	435.92386901229	388.565352331007	460.548097857068	400.923118950224	390.59043769396	406.618423050799	454.304373751343	458.577035369107	405.148463573223	389.90484642503
Gene_395	1092.18439591878	1196.55023621704	1210.98599703528	834.902940228186	1000.38501623879	1095.83188580879	1184.75411313171	931.142459708235	1202.56525797436	1025.99155494666
Gene_396	525.760863642454	475.535115092228	591.381402722723	576.081552604824	494.223212935596	565.620308665998	680.699650906608	562.309000234702	605.870988307498	621.810733824411
Gene_397	335.394165910596	453.470256335611	438.93249205625	439.08450891698	451.518560840087	445.51885132421	434.630617524001	458.178620336953	484.272872440344	467.868953534779
Gene_398	426.33242241478	438.179432317317	487.188279427702	370.264890698209	403.654712780631	445.387275221858	441.786200400104	457.664296114071	500.709691275042	480.843303172075
Gene_399	448.29089822024	418.929249702532	464.764712632233	342.192323421696	397.354435143587	356.273045884933	407.60863464693	462.361268866928	411.42643881216	456.009998878847
Gene_400	518.955855262134	458.48665712277	416.347375870423	372.856877921859	451.647935259301	471.449933723936	426.720487301894	319.624782089872	397.953530577749	373.110685101109
Gene_401	488.962705776582	471.853322357334	538.21782611197	464.261305965629	479.175715995049	516.636530095462	583.964986171705	538.221016742235	533.993479215311	479.839488438899
Gene_402	555.017775948338	987.816275488081	872.852362700627	863.498804346799	984.159338523143	894.215397595847	770.894343114516	917.95603728241	964.597874536213	933.750634586306
Gene_403	341.477917668747	343.427085966013	339.641375862909	344.475173931589	354.242221092261	362.794194012357	350.333961212578	346.669109983914	345.552254229707	319.133552030047
Gene_404	369.794237416066	422.937828223656	452.863056959562	367.892095729338	411.160880264612	451.049230175151	472.538804907497	425.133354888352	507.157586553421	472.146624972587
Gene_405	357.000680075549	383.037383072074	402.711367339344	418.146555409846	399.308844534918	384.92172801944	423.710276708218	453.740640903619	403.775158807053	383.052295093803
Gene_406	566.781949268511	604.412768893182	551.313734367731	602.696363574515	592.838637800221	585.258424244329	620.143265478608	570.394269753905	608.8075558914	574.436591459024
Gene_407	353.823846369435	339.898726921264	385.011959938739	308.934091769878	331.112458366662	341.555870702241	385.198032789351	376.110738535563	367.464629314752	356.812108974961
Gene_408	347.602107233607	460.822747085517	462.920035096062	392.07358036497	442.258009314137	429.372772456302	386.79076796659	486.679576056217	489.619772505536	492.88647568741
Gene_409	379.610639525281	386.621254730922	440.642269521704	394.139522006761	400.683214022621	439.565033787794	489.942241276615	448.82345586881	469.345241813886	419.868124866646
Gene_410	377.357356020393	580.842711869457	517.011080829736	548.918233095604	570.626135609924	517.423077640572	458.249150091514	573.938554899664	564.161185932952	553.43104566059
Gene_411	348.755491690595	325.943271026314	312.662712790124	298.205595633471	314.700454843717	270.510920733216	253.282213582845	335.406301030053	257.287032455782	279.103696217534
Gene_412	331.584227304777	316.532563859754	365.723558263433	397.69455965042	352.276918172116	344.058569640272	419.96212337241	377.122156607615	341.843351298578	362.368178938977
Gene_413	377.821243872012	400.745047192976	411.384069853431	408.489497045266	406.790738158712	419.334271385644	459.719950820914	433.586795782904	439.581940407066	400.87578638023
Gene_414	742.824846057567	925.972453220039	888.524656974047	889.795028460832	962.32018599027	1083.3204116636	1149.8659373693	819.409340865727	1115.48805788052	944.232853058057
Gene_415	571.581101664555	492.911879523094	428.349959748077	379.135586441371	482.609618660878	476.727669776681	376.672819733303	365.739258815053	391.82845439661	378.859838757929
Gene_416	452.772513328241	467.234198220495	421.613800422386	373.644692883092	465.701047691896	498.244839120226	471.039279961604	377.642018719232	480.584158168315	413.488745064136
Gene_417	625.314750134963	698.6269399564	710.205852092515	649.070732458328	714.788065051524	851.290283202925	930.899529534595	653.186748684351	903.936186478216	746.784534052427
Gene_418	341.626918522443	290.438822433543	441.550542916071	458.801068170787	352.065108709679	386.09035744533	465.203142828028	557.491077570558	399.674748354066	359.963857335791
Gene_419	351.12731691302	358.684853563789	360.195721598362	438.26173192828	370.421391407315	338.327046838907	340.191821584962	444.991907760794	336.095992255623	333.532672504506
Gene_420	517.48432677877	548.901431883711	671.239746213387	453.319099645118	498.986296975197	557.502626087378	544.505466669974	690.814929972494	708.245288684553	723.095393575738
Gene_421	637.97191856361	520.676700954006	446.097956373338	332.367190621125	508.267467343756	496.815242081116	332.843899094389	366.977830901534	371.811678810583	354.883384637521
Gene_422	277.906815732694	273.988304158612	310.248023926192	278.242503263374	280.030843625088	295.754737889056	310.776662686378	320.85690674193	309.200674598056	292.63610973518
Gene_423	336.204247468765	325.739901331372	361.091043241813	298.449048499581	314.174335530559	299.660605509593	335.684002942984	368.144538768555	331.661136820385	342.205278284496
Gene_424	364.558637106347	325.286170338775	362.891495195534	336.520888575063	340.027035030447	348.937159888476	332.462145169878	392.872085338553	332.768385564154	312.528375419673
Gene_425	372.447253291907	368.074855297288	471.109692298759	421.368624486753	381.493379572537	423.794548198809	480.519304886191	506.421447702259	478.13359984979	457.184373407384
Gene_426	557.268068316988	600.83521688563	595.204822351694	453.956044926213	541.25348246871	594.308134198367	592.205205651614	491.681046026163	623.606754797137	554.038138025155
Gene_427	515.077619486815	510.839408733771	509.503367634604	405.63265013081	476.30936031159	514.494686412309	506.712379922097	437.52404310662	507.276106571092	444.509437515931
Gene_428	365.551922818534	348.041863448996	440.963999888641	425.256279005204	389.638954414662	400.460536553218	452.117923360259	517.695572201181	414.576879236878	380.216912254204
Gene_429	489.874479495752	449.625417354752	510.839781753377	385.247999756152	411.842376932269	412.875449601493	462.391062933263	467.993745883443	454.538023451777	476.301274664362
Gene_430	773.284718600621	655.567157748493	998.053423173649	1054.72706650222	783.101654137564	739.08997384026	931.843278064178	1353.62285243702	781.773474295991	759.386111296335
Gene_431	378.468601661542	436.478242411244	438.720420364319	453.42059981524	450.846855303896	457.686010246569	457.471255527313	450.375396204481	453.480218540294	429.940216230933
Gene_432	446.161487433037	481.520930137043	585.004392176544	510.133684596582	487.267823388102	548.913496779275	581.957606593159	640.91979148513	631.479390418738	589.955124135004
Gene_433	431.069531949591	451.554120207212	491.783802375012	414.458092653709	445.770181189783	482.94188769622	530.270205296081	489.528453741702	539.089638209217	498.695683788368
Gene_434	297.061380296363	299.837390994175	280.003267599932	295.199905216799	292.687018007965	261.946412610067	239.538260065037	304.119626237607	253.179971512906	266.201708817734
Gene_435	353.069597193585	336.04458469522	334.419911062443	299.287716260007	330.755705596103	334.830041787799	318.286442640835	326.711630324651	322.955112569673	299.642915524038
Gene_436	498.630870540907	548.012485164407	597.202193256997	491.922741026777	513.185390778303	525.092133656906	477.653235743941	643.215474329133	615.589561593789	626.261146689138
Gene_437	379.86967144813	404.173267042298	459.95080994866	411.5573622213	395.052929648037	419.478751807489	436.560521307897	479.897481189846	479.396497492668	487.221237463755
Gene_438	422.632909921387	422.757761958809	391.618085991427	457.188161648048	419.327049629162	381.744455209718	343.738844822386	452.79262280885	370.486153721328	378.628531490155
Gene_439	275.530159594468	308.608672170535	300.855252801164	285.431310475929	309.236742791435	318.05467782242	301.440609687332	303.159764362725	316.193070577283	292.41060972629
Gene_440	559.824629962247	595.319014451905	613.432467797867	577.982569402341	618.549580812182	695.69855367698	774.260167891456	597.22038426163	724.928417719644	613.796914191831
Gene_441	276.451902497298	267.672348307645	260.970045412769	278.712437846826	273.4313256951	265.553293088667	252.908179993152	277.962502968672	249.815131831236	245.266071450048
Gene_442	284.294787012989	276.188999284625	288.842286864599	290.499050124265	279.169185952007	251.049543182115	258.308993211329	327.130620095272	254.637278237075	256.348525422996
Gene_443	798.417610051618	882.652460724133	882.456743918764	759.298313382423	883.507463379513	1058.17213832228	1148.53321966373	783.263675187379	1124.80040051522	914.502688314019
Gene_444	431.29972577854	543.984504739111	514.54696179173	598.102394843816	545.361820711949	532.657955430358	550.046356708774	575.865272676717	576.655310279574	546.245541426463
Gene_445	355.242965852623	326.882288601832	356.595950482705	341.05725330793	325.812985850191	353.767561491569	403.150885615992	311.002743740928	355.722778196999	358.868375759109
Gene_446	284.285864264153	277.707328644174	269.229291786786	266.32253090542	281.960595890201	280.091407030191	260.338349602301	271.223826190144	256.050848978735	246.398484186405
Gene_447	379.445622835138	386.203943430346	456.657638519658	369.977715972734	374.161624331831	413.148654341394	446.549614275451	462.107240136119	465.365203760862	427.935125234964
Gene_448	257.429939407062	286.65408411175	285.612202963662	259.739604447571	276.838760517589	288.687597489364	291.380898400137	286.253433390249	314.856114510626	293.848020590509
Gene_449	485.412388014202	488.050543085411	476.770429864355	422.585435573935	473.95917365752	521.276091026551	543.015497755501	400.457033429924	514.520104627144	458.458891348473
Gene_450	609.691436508646	556.784020698168	768.178856429434	855.607632444546	659.012449698569	707.43084597006	828.357898250355	1003.7301697764	740.664700788462	657.493113358489
Gene_451	529.063860192996	414.687435355938	515.907784562953	648.778030070165	485.120532309032	563.086854449157	739.952699563689	440.415331005696	508.758791511914	545.225300926076
Gene_452	292.460372607986	270.699045108699	289.317404390882	294.307895514831	276.923213945611	290.311361342706	326.083602000709	271.155992416661	286.566842803693	283.867106682763
Gene_453	390.266421889759	378.557121383306	367.679069002036	349.474894326204	369.237306503558	409.556265238912	435.980926201144	289.278108371437	380.316168513919	343.080975465109
Gene_454	261.149704124373	271.645810380305	282.377986815326	244.901112279637	266.995965480756	281.54390786803	297.805146440255	268.36453455809	300.317760217237	284.509034531425
Gene_455	931.144945804938	716.647105186607	1273.02184854519	1285.99220483935	929.087867741668	964.032573918026	1227.75149782688	1756.78769836102	1034.6157939175	968.671165805617
Gene_456	372.000089431543	370.887698977993	362.229137007393	286.920980479225	356.446053334131	379.959697074073	373.309873324589	316.30942631912	384.587482747439	350.660945676085
Gene_457	431.42049634697	416.266609750957	515.33266655722	623.92632927645	462.390298681677	428.323397637932	492.372056825986	698.021991259163	452.796436763057	446.568481183538
Gene_458	393.392254164663	421.369566238527	407.393440123736	368.511771574869	416.628630880626	457.832120352437	465.095206700228	372.649670248487	461.502155100649	398.035977266411
Gene_459	536.270362388928	637.551516444731	731.607812068363	544.360700159496	588.524455622641	637.629064392572	605.854094685902	767.665659654289	789.52549825944	791.726191228524
Gene_460	311.832514155394	300.611884237546	375.63464845544	318.889153152485	299.235477838862	316.812042954059	351.787952128407	404.959860176037	358.634503098929	362.628428965311
Gene_461	419.981669583972	457.648449660443	452.709174427576	438.343964879462	446.20761134816	482.511013427924	502.938609417153	455.421814014782	508.729405983578	451.26612542443
Gene_462	287.564971632166	296.993768467344	299.752489010617	291.571531000837	303.62355012619	286.894284017278	282.831770448824	315.889675110088	285.497106801124	287.639736892161
Gene_463	403.900637538921	443.837290059912	392.467287014285	373.739651715851	441.436646356436	442.207612439589	389.939509913886	359.754444043934	413.129885219575	381.434065061594
Gene_464	1102.23793734907	1027.85038858618	1031.09927868898	780.832491764229	848.595077627377	844.388705823201	863.155540853728	718.19495565865	778.239683603388	746.344492688941
Gene_465	6004.00074172666	4594.71014195827	3449.6367790906	2502.88965450634	4621.98605017006	4685.41638226965	2454.91193615934	2409.83506710931	2892.50405617702	2625.39811104832
Gene_466	527.767761145769	592.382463073335	619.349951942293	573.841933100906	602.048255889211	705.881762696932	763.341210579115	611.727066016112	758.685459311691	640.823413934581
Gene_467	331.485563414629	376.889417110795	389.673640449543	368.477516249631	380.514907037028	413.767604129153	446.89359148057	371.812413982641	445.739267236256	413.900306852819
Gene_468	378.917468063229	359.674713560642	375.108296553468	289.223226723953	332.97024220744	345.886998022585	378.693059534452	307.743356392627	356.854693403459	337.869358151713
Gene_469	872.893295613856	776.957858526362	839.081499762076	652.885048463519	747.892994856455	761.793913168853	725.77988961832	794.57225433242	712.47879203097	648.589180203016
Gene_470	550.758461009058	468.651148722342	391.679192268174	352.362836826945	466.200120574484	460.906935220797	331.784877216824	347.760153846927	350.050151327504	326.170309925873
Gene_471	296.537811617426	275.336592610535	290.866304732271	241.825786844701	263.112071707055	273.523696630542	284.389949977342	262.652826390112	269.713329811212	254.638959856425
Gene_472	309.128561086165	300.210053271866	314.324785800508	271.863967334227	289.362646476381	304.975974618845	326.413693677648	285.838427386254	317.718918138325	305.688632337086
Gene_473	258.883835856824	272.903703844587	335.722472021971	321.667273718469	287.027479545269	295.148645329414	323.058893112846	388.863312113201	332.46033147188	321.372294743478
Gene_474	580.369745059039	600.112697423378	633.331120721932	511.894074946075	563.629135983909	636.692240070493	720.151289175184	540.312633450839	685.690215318947	605.574699898457
Gene_475	295.808580848442	274.489719676597	277.700069811423	318.493612637259	285.716200040125	279.941742911453	294.55191612449	291.583543497462	260.546484968095	268.452102102608
Gene_476	337.229076281423	379.517010157696	411.845876748454	342.577337318639	363.070873714124	396.299039552041	408.468694690011	398.949930333551	440.779287347063	413.686837559411
Gene_477	472.132139116818	459.798211589295	496.5493977092	421.104359021796	422.836157985748	467.168775078389	510.145958442813	410.320116798964	478.273842201787	456.063976630238
Gene_478	441.710136491571	457.808931958888	463.888515355477	465.880202716287	465.709671798982	529.434445607034	603.118351654632	376.183491266151	522.054805146119	459.138551437453
Gene_479	770.851714482728	642.244992837534	568.798260134156	455.590203808298	644.676906996166	657.888732426447	481.144611399074	486.672880505465	503.965815154791	456.517053837416
Gene_480	625.982298261795	513.601082901389	845.479488167139	823.187241434156	629.627971977377	680.708067363655	812.721163225719	1131.41513220235	746.326865854007	698.319813846916
Gene_481	481.435301029229	698.268547069007	630.934192851	711.902436356756	684.516951803581	607.665698616008	556.09500089977	727.232455214559	671.125479441209	674.164980656079
Gene_482	775.180952700234	788.731656553624	744.640432278883	657.288654084939	741.864449597532	803.009905378366	845.165875466374	616.047070336366	801.520090173294	702.235987529522
Gene_483	301.473928215606	317.801566771819	343.731136891611	330.742661250174	323.57153908316	352.643545056653	387.584955117654	336.912097145898	372.260963671415	353.709810592914
Gene_484	403.74224979625	422.518292667124	394.10598023	356.371956339846	412.548852750542	445.05332565199	447.513395033993	322.225331760922	426.297678628779	379.645459133855
Gene_485	464.469979699998	507.186926713021	589.868737657872	512.8458734609	491.257873918376	527.894428005627	548.884664626537	632.103501789706	624.100174474172	622.447496619839
Gene_486	489.22241529065	482.270399190846	554.1115763499	620.822220469295	492.1400331178	415.338884160202	484.445744247158	705.886080800246	453.602428456455	481.344569599782
Gene_487	446.12409694663	464.839196429507	496.227760477772	445.939176606662	465.053486142545	530.764776855479	568.718773075556	487.561205997543	552.686596355221	464.791174146102
Gene_488	441.359655810269	435.349379295927	428.60818245586	373.254324752592	425.046213428689	459.214990291709	441.666824646996	387.424135256355	438.502620209008	386.100639074442
Gene_489	1403.19932292162	1608.64586662615	1542.84752990812	1265.4275222308	1552.07603151434	1918.65903451539	2087.85266217395	1230.85430983451	2047.00112331881	1627.64888235472
Gene_490	376.377754448212	361.95239083886	360.312110141206	310.510638678904	349.045553725902	355.003618413777	355.564655812578	340.515609985303	374.385850385037	386.039368399825
Gene_491	283.477950199281	245.969865173895	291.659311452983	280.033086167817	264.314358746081	266.209858523533	288.447602859654	306.405340466501	258.438467104202	264.174844531976
Gene_492	378.894071288805	354.406287630632	400.453309924677	378.214575737973	369.274670702535	402.60872420879	420.407551085331	380.294251627784	407.87544242437	423.949196376827
Gene_493	519.232679864057	500.365937630527	490.032155031237	393.407535563727	491.83155939991	485.048973738151	505.245159307563	450.804987161027	489.054610480802	469.413164266303
Gene_494	362.107088737018	385.286702957209	353.48913610538	360.680285718336	375.847464072954	377.858709744017	351.481993325217	353.043098972459	376.857404472994	358.161157543642
Gene_495	385.808471385597	363.231662419616	481.242188034809	386.056900182919	365.068645874366	387.637713160663	432.603268094807	527.507614410698	458.929628990562	470.165844216614
Gene_496	343.966291267977	356.435680463868	400.436718567331	294.512974276136	335.539965389695	365.351844633651	339.718365051152	403.934155971396	414.754747632891	406.741931719252
Gene_497	316.071863370836	275.462969103828	297.089738270511	292.430279673139	294.892809965114	290.073236014008	280.630661734619	317.042744453874	261.865781798662	251.773587230395
Gene_498	364.876275590564	361.605834898926	398.787238452971	306.442133841538	351.191331419913	330.67427149841	358.328440755994	409.587829260018	381.159815655224	412.492695326819
Gene_499	274.544238364018	271.602904398714	295.72781443023	292.275340100469	277.969645417098	282.594738153429	281.954873310976	315.740897330098	285.84673168289	285.049535501236
Gene_500	418.384747980283	421.835754972192	478.793444483938	426.473328600497	422.455028296862	454.2724315101	474.51583845344	474.652173362102	498.063019191807	507.454958452133
