GeneSymbol	CellType_1	CellType_2	CellType_3	CellType_4	CellType_5	CellType_6	CellType_7	CellType_8	CellType_9	CellType_10
Gene_1	892.305014505965	892.119167369509	934.644227894348	321.740411679826	518.584543831147	54.1398356897274	75.2544786703013	886.951300109182	126.720741858191	359.792437778763
Gene_2	108.092425021871	132.691588245504	698.576184539725	226.281337918117	570.044608943947	316.717717470763	152.863461687946	888.573008351883	149.904839041246	326.208734917468
Gene_3	117.970364577038	238.516032270775	605.991550321454	1371.97834101388	515.405332901174	165.979435887175	174.446801445977	674.464335892927	107.967047407393	613.750490903697
Gene_4	939.43216257116	3693.0200317752	305.788103369889	465.124457925381	51.6609831488506	58.6987881882455	640.728543317953	1926.44204938357	20.2493522461733	533.613272226027
Gene_5	474.416455154763	882.528836982897	196.423336633341	862.032394205769	154.560449273864	70.6766896400368	113.756113073465	225.480661033554	45.5197425954904	2804.75237774361
Gene_6	536.812113706183	2125.73981338518	302.187221429586	6322.85195675664	187.362924175764	313.731138026249	38.9513528601805	559.980303553316	149.020873051433	25.5052097416119
Gene_7	142.348060990716	278.642530639973	887.537210682443	247.451004438426	95.0139747914691	66.8821135148358	239.477836173853	1120.2029095103	374.761358399353	205.167804313698
Gene_8	164.901503304811	642.846858485735	298.07424817304	4568.61613271312	186.189021410372	191.671245168297	133.973010721538	655.063880804436	24.4692340463724	598.177235662136
Gene_9	91.2629396305671	703.675194690624	720.617652301253	2195.55122591936	34.7055190562263	432.022242967032	850.269909649195	8732.70800494213	43.2388993011321	73.5553282969956
Gene_10	64.0131987832556	105.473630592338	4333.4905038157	311.851060148757	354.030401605288	56.3780727649898	110.041338542076	3354.77128007577	798.374603095766	73.3029382316455
Gene_11	111.049466914421	655.554152673331	339.098448072172	1394.12455187071	97.3527062071424	81.6108457511812	534.82179560308	774.179694862031	111.192293336163	305.139797168027
Gene_12	128.397940800172	544.843820366552	47.1754321309727	277.817930268524	56.3657254314301	521.339602169222	1552.97815083276	198.419477090076	71.0919514847362	975.94956499758
Gene_13	458.878383259555	548.492843978744	371.567102194902	65.4429031972706	483.849229881978	54.5535915953806	143.253562388895	292.031085964418	215.757949480787	468.9011214874
Gene_14	550.98498575019	4784.8197070233	300.046419640398	745.555770833912	33.6959160146556	71.3685700257407	639.775398777952	1499.13398568675	280.719030870984	23.2293181828863
Gene_15	127.44066766576	291.999745019022	548.934391669141	222.243225347065	82.7409614714192	56.2578762125773	185.759846172636	739.506974760278	138.396469083006	569.444475044218
Gene_16	316.205537740165	368.921462215381	468.970358710295	280.419446128503	214.120515551618	150.520521114866	137.468592525838	637.330947880469	101.657646158002	732.63475915933
Gene_17	444.670205381253	744.073044491696	163.085155392801	224.588161008497	133.79709777266	156.669925192603	201.088347545562	283.377627615378	72.4194294099894	705.739928109507
Gene_18	227.924235635033	479.770138603835	447.375527074957	674.3374504615	84.5837987044119	85.4956666847837	70.9845161923354	568.212281206932	97.9472808396987	413.118695936089
Gene_19	170.528159268818	247.371659735791	656.714780188467	1268.83618359763	328.80845371666	401.072485874798	102.698854951306	946.363186325985	139.10999991208	291.155739587078
Gene_20	104.80615402817	1914.70404244403	139.583515618299	3344.25759268516	40.9277406320487	210.818780128577	1150.04920548347	913.16426367408	95.8424655773643	38.7810483230484
Gene_21	31.2748664634621	256.443851812063	252.367347896348	4191.01529014933	24.8706512378386	590.099086667051	440.944817483674	1124.25289587875	110.179458146448	133.339125587874
Gene_22	176.692002890564	562.435626592575	157.633758635522	1012.57251564071	350.633088236714	248.075018690273	115.775012924453	256.869063248771	38.5938089442631	368.221124622747
Gene_23	193.689024066781	395.626276916195	680.54545249114	1011.25541525019	211.08952706586	261.758949529953	144.231646153005	1006.62336219974	367.857617855668	79.5809709544584
Gene_24	221.823384462646	907.300053130028	181.006713518822	648.835209992459	71.9634656417127	123.088475131546	449.551068482318	384.879091293327	180.363209497901	227.554444144646
Gene_25	148.934193237502	186.988643204758	1133.97165443213	216.068425762647	189.826575197704	107.194240876905	110.542171516815	862.051952702211	1004.65186518503	114.630884206726
Gene_26	128.863266695401	467.90877027411	49.0509390198458	595.552523621684	80.6994501649478	440.730980019995	212.010055325195	74.6391335671491	161.705964839112	305.992122042031
Gene_27	744.703652066578	2372.12964032531	1286.91011996443	1239.66665938454	432.494861767361	101.829414007216	101.02666217658	2354.36170514697	520.592465655875	9.63034561733065
Gene_28	278.8306839152	1340.07652881378	170.930898498312	1266.40594139858	102.266993399374	97.8478101731504	236.499504960548	327.534309172685	105.275245462957	306.286168052919
Gene_29	199.540718768714	733.101732842116	162.72477650982	1555.15212006275	42.0074168715842	146.680750654533	182.785713119964	324.156539383245	81.1002928675034	637.178709005297
Gene_30	444.085582123427	355.10205048962	224.334934696903	318.894013004557	1186.93511835282	376.665754004624	78.1968578472233	182.569208795785	102.119269651446	829.875175273548
Gene_31	89.4686676520992	520.887457483391	193.05123766146	781.091923173712	29.1519382388167	522.458638468012	854.670078128314	821.612515297938	444.690516294977	50.7740159113945
Gene_32	47.9931015929995	155.043146760253	204.180457090359	1286.86600147918	142.846265007735	229.200766163798	241.821373030703	214.591856536466	178.234591615054	558.864056611636
Gene_33	93.7759751533049	267.455816223668	72.7404329824259	263.06075762025	22.3253838027445	208.984590348413	510.218006877194	81.0512770186822	924.694878600485	502.341190651723
Gene_34	88.9836782385364	122.292122083097	530.647925605616	976.440111318927	367.856927423286	129.341114900211	80.4341370047895	252.964727604649	321.191281541709	732.096536406319
Gene_35	249.986772653974	870.57066190821	223.578846495217	344.523029405207	49.7049452227081	127.304031265256	659.453188879408	520.208712483874	390.007354079414	155.501266189027
Gene_36	84.1932016541707	172.581214047483	612.14786827674	666.087584463891	472.975239246735	137.349455314874	159.079683841467	460.283794494813	357.785172893406	237.583725194649
Gene_37	22.5248134378571	232.984797797065	41.6933396386492	1882.35153555516	13.8832719801601	2145.0522754198	1430.58290781118	256.372327308024	158.952765834011	147.860585177415
Gene_38	56.2617365109553	74.3485350959266	153.476998088346	242.578317942906	76.7948758451755	1107.1667668686	272.403144079355	264.576886573192	173.720296168647	991.036525704282
Gene_39	61.4427405331496	179.919460334858	577.615202482407	127.994893376127	57.1405653325515	499.146456308388	1010.78674993049	3373.58512919393	148.701881326346	184.273601365298
Gene_40	334.687832520832	478.94634317534	385.055542258769	445.583196046418	444.653789377664	322.741903869528	69.3469001806428	381.968334563847	401.716445387796	66.8780077076629
Gene_41	265.309276941926	269.530109378135	231.752400350994	80.3028041679268	420.181286093798	277.348693698987	164.517662894605	318.688118582464	85.5653404881944	1279.62917329257
Gene_42	131.015158482557	128.795751102354	804.432131495272	244.709074299861	147.534524677714	436.114596275436	102.39980382199	1277.93848051941	202.713820184341	274.414366839419
Gene_43	177.709920263485	275.445413750204	531.600049172202	1090.98377914861	354.896600510784	130.991054302703	48.3016577832206	537.78158078122	37.0963487938459	940.057925813329
Gene_44	323.396230675503	457.653915450047	2448.43784592073	758.816293432653	477.7050142063	52.6108456419464	67.0186194109894	1963.73670305482	394.983114651597	91.7109926351712
Gene_45	319.750620943436	653.165719181419	46.5643257435913	477.075850810425	72.9065984300654	639.716528470045	209.464724262395	110.725367578081	47.4191781791625	1311.61225141376
Gene_46	16.398661879118	66.2755176650991	887.511611224017	1168.23856711415	79.1701126591459	877.317010019531	347.746988071255	2894.20487943366	254.892893507038	71.0757280861711
Gene_47	1112.45359225688	3077.03495985741	607.144260311972	450.423653033654	120.23292545914	111.204460230507	185.005126030224	2489.73367537787	88.4434195201787	73.0102596932604
Gene_48	103.198394907555	215.056125914332	598.227619000441	179.673750150351	239.811820454415	161.901957404434	474.968549166908	786.578027089798	694.240736733448	141.851250812533
Gene_49	31.0509968108632	111.386651008946	238.258968905343	469.008772501327	36.2039489816	459.422549845088	423.061322996329	501.540215877111	376.595037291452	247.383377842708
Gene_50	165.241144600335	351.788021573312	158.485099776717	1139.80640009697	112.035323419678	592.515173022952	184.773647282655	381.337279780329	46.603046967715	848.340039119466
Gene_51	572.672598868153	1133.44966914684	204.59064621063	841.031856219467	143.657011336276	154.189595702688	180.494517913953	348.957542869661	90.670672043753	579.245610175918
Gene_52	178.050953003153	367.406289896986	175.215070551247	633.707011264305	99.6137747181372	379.147163579196	342.952164223325	393.412717485879	84.961798913717	867.091031531865
Gene_53	179.996292410711	736.056400273415	73.105322205506	250.663724767339	35.4083598539194	878.191274762431	1263.56066879488	552.718687020493	62.7780065871504	267.766771309637
Gene_54	91.9724765276221	917.151750047732	158.594278424025	1066.6722746159	44.9478455510014	68.4586562872948	439.298513095868	380.901405603611	116.227462537373	158.767251159393
Gene_55	2052.6818561701	4958.5643227413	198.829927164716	406.547979330019	138.184635419495	58.6436158332321	259.286004162657	412.799752056801	129.67558014568	215.930677988644
Gene_56	55.3716538291812	255.114026285531	702.154610986959	810.12653787837	108.244372489427	63.0292665675907	284.529225842893	1106.41203116621	152.076345127478	294.449609410236
Gene_57	349.533116251946	497.108379993403	384.38877880319	587.633807576519	425.290000370549	103.516634340938	65.1997064733078	330.707820259042	85.0110788053214	671.145791206406
Gene_58	27.0322190297692	93.8607269887233	719.796652295423	1936.07221633933	345.312835518203	496.850418897939	284.990888805463	1324.77294616326	144.659465075935	165.757819912379
Gene_59	115.966217272133	378.685930602711	201.538740152771	887.300156891708	123.806024058467	228.201281796797	425.556188244333	342.509828334813	197.624808451925	411.660715306712
Gene_60	228.377060419885	221.473850111572	1751.34666703312	396.702061286283	1028.70119857011	60.2933080283006	42.9694190958772	756.642744283658	433.388053280526	161.741972792672
Gene_61	211.016847214104	594.665533040947	2417.15392301704	3634.49686104796	135.447953634486	194.947439302555	93.3206423655273	8584.17665520052	64.2548183450912	80.1635134023774
Gene_62	489.840267958357	2024.09626603446	100.63466919199	929.189236211423	119.769502400917	133.690499457773	639.451548413475	282.667827044631	60.9068577438361	703.952801534901
Gene_63	394.092115234636	314.803149422211	2373.21849302687	214.813851014857	586.934726156814	232.3530919641	81.6509927732795	4264.40981247374	152.59888256839	129.109780472561
Gene_64	164.70189248765	612.390401107354	348.144048270321	1231.54095414225	439.553934345915	93.1473470821846	73.0357254744229	265.956456783896	290.313696340684	68.4128102631233
Gene_65	168.733499836055	385.952880378966	553.520419819365	420.777659335303	80.9077176727962	156.532478928915	361.50311684681	1238.69992808019	196.090471256459	239.714614766512
Gene_66	340.323640512912	495.129764908102	679.75702684293	360.871799372155	177.548259775695	117.432538789525	116.744060218072	760.524807238297	400.403135308833	138.140739646387
Gene_67	245.940005207552	315.569025293204	374.764395502188	230.531124600535	635.403998426982	381.032770595371	103.988850298956	385.56137728624	368.445639150675	101.543438836173
Gene_68	102.758956229621	335.273089301561	179.662314547782	1081.02397312993	148.802172109179	109.467207936983	564.847420591931	236.448483305034	97.5370703656	1533.83775692253
Gene_69	623.213699591006	2635.06342646253	311.39617142832	590.21625370031	20.157560708228	88.7908093449673	319.87850047232	1573.78849010689	76.3622454839261	163.417216314776
Gene_70	1100.39102804124	478.51688122365	1618.48372584549	94.8917385180229	1789.65201400489	41.7601397796843	27.0255006604887	528.584274386929	559.963877012524	191.294667158161
Gene_71	29.5729774924919	42.4185903857535	1597.84920436252	358.762462595997	967.769521259375	142.763419386682	83.6759284538171	806.865608071381	397.041111754941	219.780029487514
Gene_72	510.158635643697	926.01087730843	292.403496304625	330.359270726541	75.1541631677914	97.2731187962291	508.88233951094	591.172465565903	178.212664242569	802.499169958568
Gene_73	89.3138519665388	1567.53916874288	59.8756883231636	1649.01762300628	10.539947699326	72.1137793806192	1164.84702312056	169.069083168165	335.501984838325	93.7954357107334
Gene_74	463.731143787897	999.300765195269	729.930640080458	2461.04836929272	311.125094012388	53.8613630368645	26.6486079887958	425.235878338157	334.480091015479	89.1764858259482
Gene_75	64.9777625664319	297.689987787306	720.647284440106	2171.15309715366	106.431688066113	158.219840125638	230.770699806229	1364.01819341517	213.466590657975	103.64871897114
Gene_76	190.730420136247	578.544484653698	152.390055262488	1889.08582207036	108.856303470052	435.210453998359	84.0130024373676	302.726580669748	60.8088660090145	257.65514324843
Gene_77	16.6186008278375	57.5839056827482	233.830262288839	508.733464532687	269.086074693801	516.107777156933	530.410688862075	268.708193874429	407.783209788273	214.714126774705
Gene_78	427.103563405715	566.230771562261	1686.74518961654	137.508845049383	172.772170146299	91.3486750518811	154.594836705905	3301.25417686268	304.045784565319	94.4709890999749
Gene_79	172.424876108575	301.744140569048	155.252397924179	805.086749032797	443.668335672427	1392.3157411057	356.539884651475	569.33963214412	18.5684935079965	1382.89855984188
Gene_80	262.457221101237	731.824545211555	1064.67361633057	751.800966263631	134.847114395095	146.072168107122	305.857708729146	3304.18972591107	157.230897694788	79.4791695405185
Gene_81	539.170828426095	997.205647895106	852.827395031988	161.938469131003	298.992485194756	43.9539822537301	97.1251931547066	858.545197649983	470.115904127209	65.5006250209587
Gene_82	68.4666760580545	218.309697171641	137.619577646596	820.044311656243	65.2077800457564	1233.19845290589	406.790160196052	475.03454778605	122.634571008964	371.703268535809
Gene_83	471.846763136887	724.813642915296	181.710258039933	414.127911560174	302.919495879461	148.93017645203	150.034474280354	318.057165811025	19.8060251896954	2621.03886897795
Gene_84	319.065213766432	562.800012085759	1200.27838736801	851.461861869278	285.227204481957	79.2075553562435	70.6369437269076	1116.78078065536	392.006900324213	79.1419481583893
Gene_85	52.0069576736127	89.3654686813956	1606.78199005471	185.855891988248	392.391200519806	134.726748099543	123.944757664384	1948.8780101507	177.169265667063	204.269609895307
Gene_86	82.6339282011513	273.596262746753	303.287606332978	668.543718527689	176.526475332089	416.631032122485	733.903765918628	751.41694537471	227.797585948547	172.67887007891
Gene_87	518.955009198698	1014.02504053586	44.5460557473885	136.754651869408	213.998442862762	234.107756339679	572.852875106723	47.3610523656675	537.882813103529	403.025284464761
Gene_88	50.7556213711491	144.540651845643	464.940210246156	294.989790070672	122.572145857135	223.074256214728	438.370493845533	840.769821341101	270.465020269005	255.959030586055
Gene_89	18.3492453278474	48.9192583076827	138.083740442054	527.207562052552	47.2353194298025	1271.89239634556	435.321264933533	239.97096520771	384.333402547263	530.608868924204
Gene_90	228.593295295294	677.33846978833	1436.58234775817	1078.6481532632	129.699274954165	42.0220153718105	213.868559048628	2130.378208031	285.679649143341	111.876069960778
Gene_91	269.284787617375	315.819005804573	216.189756173269	292.75864045038	171.549235870942	1774.54529998084	233.949976065	1213.89791929131	15.7572604755276	941.050680522973
Gene_92	167.798821618562	990.212355610163	157.408562292687	905.642319293711	104.397007711887	104.660940530954	487.429718741489	260.686283182783	332.417006941569	108.753439955709
Gene_93	66.1224065286085	125.779598893196	424.955321938725	192.441050546728	192.887147881985	511.810789342828	349.198766059736	738.811646103708	430.631651397987	147.017253506136
Gene_94	100.558294806357	90.6485373498455	769.753637111003	584.308424977875	1836.61225821781	784.686680028419	79.2715020735568	848.615532076326	83.1918708240574	554.05916969312
Gene_95	178.030816328248	680.85277722851	206.32301541081	261.056209614729	98.6605806060842	100.770925327534	782.652483465592	334.70811378724	617.335639180344	163.461449224105
Gene_96	55.6815188039634	37.5675224427455	1701.1230332524	103.513323891696	446.717018484163	477.809445392791	89.9295022609837	1910.9901908939	240.799148241991	388.868949794484
Gene_97	64.8542258396324	1032.27726005779	77.6879665385133	1545.06608810166	76.0953914144981	66.3799523836125	1252.46981863297	170.24202502226	134.654356937615	174.772387874038
Gene_98	25.3242289073596	246.89197269216	59.6662871669501	1566.18615430312	34.0240643338834	641.729127501962	2248.93793826415	153.824881390537	710.310626952431	121.018749532555
Gene_99	64.6722429169328	70.6868468457006	99.7139300945462	151.093815737171	91.8502614206716	705.26479881666	327.872960191235	131.387575977925	116.265473515594	4281.04397043788
Gene_100	289.490202113844	338.685554156163	192.09717696934	1091.20167457514	957.455880969073	229.792306801726	23.8818618119175	79.2875816159304	153.592121887961	593.736784101682
Gene_101	129.672550146892	566.903325456491	571.201988265276	2720.23158146414	49.8852540470856	175.660411651065	153.644144768676	1752.98261769932	69.9302440167592	185.774913875892
Gene_102	174.293303467202	193.466841713228	508.418847574002	253.322977290072	375.486338071123	390.676471584165	114.739050781137	572.153017811603	319.648499786049	236.724363612063
Gene_103	1560.18558612072	1450.12716515221	1046.31223842098	119.35210665792	547.986706942749	44.0895029869311	54.5013594775057	1055.09338492236	185.247221841245	130.73784837698
Gene_104	59.2628192811088	245.942194801653	208.551454728293	389.822236659494	229.903578214778	484.84041663005	414.013733278968	396.138210612772	396.833718171501	68.9281979336862
Gene_105	724.761091776803	1329.42247279986	417.861335275767	119.074766845189	185.239240669131	175.774238866795	331.896545676775	1477.2742258021	104.265416140851	174.703553690392
Gene_106	365.419501880306	1023.29730266568	148.687998804561	984.396111865662	32.5192424854359	236.354963848487	328.525640310754	388.336277293688	155.684710638512	382.161767588687
Gene_107	44.3861559219453	123.647073281735	266.831484626127	325.465263489726	109.791327689599	284.584163408544	172.350193500425	314.481806116981	356.011731270266	224.168449195762
Gene_108	640.648294453891	835.660297702854	2947.59954247303	1874.18001629567	287.975037567218	77.5622216434796	49.0099196159085	2730.38206604999	769.425991318847	39.8105248994994
Gene_109	239.390011142316	1024.83834417934	272.306758115597	853.552498866859	34.4400730588504	240.235457551099	696.706648829292	1137.92679796341	219.126072093326	101.140976471388
Gene_110	252.533530519433	1371.19342877986	285.935205225953	2939.19715246962	75.9845339012178	172.220301233751	145.42027752427	636.036032943168	206.665898347789	54.5930517119062
Gene_111	672.920410343716	1091.44383387636	277.524460729339	1282.94270153093	183.802686615863	11.0858804679585	58.2469010507905	57.6330645169425	804.205572607573	833.256851401411
Gene_112	80.0791394001787	42.363902615475	3292.35962751438	161.189890232914	589.582231045922	158.000560232134	38.6255402134171	1473.77450448853	795.519311075655	228.12142136152
Gene_113	95.4552893367009	189.657973600154	324.973901604319	747.136093099811	334.342988811043	219.880883763511	139.065591533993	216.640249543499	576.897477697311	185.446576785986
Gene_114	86.2876995020624	125.015835933296	896.639368642269	961.3451367078	115.320167909594	254.939392463766	187.765265336993	1465.60586181455	119.634965946771	848.935833190534
Gene_115	106.178037436501	318.918044205058	470.425995033978	1653.86698204404	169.889507549273	114.332345321628	130.338918268593	523.971825451689	158.327465138504	368.888067816014
Gene_116	486.602314313278	705.092842463175	1032.56010617872	568.812803379186	100.124404837725	11.4810785994046	127.323210627432	459.020674450781	883.389302580473	515.668567150818
Gene_117	409.319091201715	189.855374602541	1064.01594149536	279.337869828239	546.789111602345	531.239358838656	38.9534603028519	1509.35280168097	62.1747768358112	729.632530264033
Gene_118	358.376781092419	635.690217389186	514.184084609827	342.478025299087	67.9821184549448	474.551382577218	213.261497200756	2505.61755375886	74.1072920815908	188.30191455225
Gene_119	81.4878715930873	195.108562609491	1086.82830415688	333.189876344624	276.877898634836	78.8487370443225	132.98924989651	1082.62414636114	322.418740131802	132.036360146327
Gene_120	245.836033950169	175.918036519175	411.632309435147	146.455739630287	653.646298136888	475.894023308795	118.376715760017	628.069116997306	47.1110206754743	1479.0780060839
Gene_121	35.6689065367387	197.208490795777	517.37145636761	2294.51564133671	151.242461631566	227.983481426226	215.078487878316	727.481614868783	407.161369978517	62.938053801757
Gene_122	645.768443580622	321.647569222835	62.3682774189017	63.8953289288912	568.352594264995	795.790589480405	178.482941312581	100.879950090687	18.2906069692441	11358.385846943
Gene_123	221.873024805692	409.828609804558	795.485435918343	309.107165818334	290.995160195803	30.8549538514902	43.7707630611148	522.076958410251	142.808667526806	385.971588598365
Gene_124	321.60727178409	968.683427139624	330.401792862715	983.226077823544	48.467598846273	153.642890201346	144.545143014075	843.208917767479	105.188393847895	219.656873120714
Gene_125	366.695913778592	281.223523279728	823.439701250925	155.184016645836	162.22694816036	272.071570400802	103.823688340809	1540.79606786963	119.22161324306	493.990774305807
Gene_126	519.298123481859	518.816686841322	275.445054945471	169.533996105993	89.2725587062208	47.3671938790897	202.522232438095	171.904323120597	549.058531796786	1295.22935644549
Gene_127	112.72653265164	555.211451910507	107.823449451213	249.335673683558	57.0187893503872	152.613888880859	578.587617997507	233.827671025274	206.427471471904	232.172292144975
Gene_128	181.255844479307	501.924966341575	3071.23524843089	609.403021212693	158.970262166086	45.319069082023	171.206444654069	5698.79007974946	288.160364054268	61.3644902809027
Gene_129	271.490851337648	572.926168862791	443.275083287447	208.835477077757	140.446559258999	58.7288963976784	235.022872169054	482.382527171143	399.134933067834	194.867814025723
Gene_130	162.266333977632	903.010481290763	597.478820646571	1365.54377548353	62.2410164365073	114.069878355049	160.901800530878	1975.35980428328	84.7175990245613	73.8965936678893
Gene_131	18.0208182472894	106.102453280208	445.022771010964	102.931747668401	89.9605106603047	221.822968415409	2005.38641561912	1486.82302719055	360.514630898152	119.280696634915
Gene_132	488.593176436442	286.610331385195	358.611509334601	171.990130838186	671.896409708723	208.190287544842	50.6210128141302	367.443769538728	25.6388741027035	3373.81497862727
Gene_133	81.1738467994687	1570.04091140107	95.7971057039483	1772.52028236621	30.7679277279364	229.573788520464	1625.51970411637	491.754812630436	323.622682579944	21.1727658260193
Gene_134	24.9363882646367	38.8233195946833	98.5977992591562	360.74667964555	134.749777450813	4019.9238350373	431.300914611025	166.368068911981	375.296092745445	508.123441985112
Gene_135	114.856425651901	442.554389901596	458.049951304216	1251.29296999069	64.968330111115	76.9680143245976	303.477646624592	572.013638298254	501.85470865652	166.783435111475
Gene_136	1456.80098487196	9877.49668096359	215.965421704284	1516.90882915522	24.9312604327815	67.5426384396236	310.189831901164	1286.91549196673	64.6985641117856	78.7467667211417
Gene_137	177.513320428789	568.550314287169	901.629927626818	305.545909902544	143.474547099368	207.890914994905	448.163360166657	3879.00461148657	132.385319497856	69.3961030813939
Gene_138	273.723598376348	309.431742883366	1170.79999548074	339.56841357355	101.370185775138	96.2775458031301	70.7813563159468	1212.63187914874	389.538135371227	226.108534884971
Gene_139	362.429348661458	857.395886646757	76.5183432094174	324.277451651257	47.457550285832	337.343393478747	513.680049020981	150.604446760414	409.101339296222	269.699960628311
Gene_140	40.4245766149992	137.47217762302	373.805768436159	4918.00423184811	252.479666688391	266.972316444045	174.586348127746	224.308094754766	975.765459876764	125.359072434126
Gene_141	118.836106273632	566.620925725254	527.463421070379	2777.31651051054	133.131008837342	170.999261974018	159.328726082578	783.094850706674	460.556951590886	31.9209477486566
Gene_142	84.5400607113984	119.822212852571	1488.74862438469	1070.8669065163	730.357905862969	202.781821230338	62.896353283582	1806.17439715863	42.3507502581799	519.72860384451
Gene_143	407.474131027237	735.547149366342	123.129826220847	115.554886147382	260.158120764434	306.534289323148	283.099156473724	264.673732860351	89.8975970515942	402.853359973519
Gene_144	55.71289824358	169.653238986165	171.991869441128	513.123338880614	57.2449179955686	629.709335689945	573.813884294721	438.723090912451	218.814586418547	406.334438619431
Gene_145	506.729011376378	683.322355190137	2727.57991504993	1195.43388530856	277.52237324171	33.0769219298045	21.8707080491656	2323.83767968315	119.247255770656	161.591354032472
Gene_146	1162.63715956317	3539.20589524658	364.256507647133	719.848784103422	28.5687252093728	33.6889519004913	155.607516845321	1016.75107908785	58.2106373297546	348.472001453262
Gene_147	105.580496604457	924.960283241013	77.1208592083033	1416.32755026617	38.9453057272223	187.172970972269	635.121556993179	240.548900219855	94.1246127735995	313.040615448292
Gene_148	740.357956651592	1294.22840799819	2778.77429525586	534.189254491828	175.580213780245	56.0344712872651	131.787801709924	5568.92235736002	387.337657061433	46.3818706165013
Gene_149	93.5320413923821	1749.73968625838	172.240227402345	1072.00469285936	9.08458519183121	370.622160673931	3219.82792454911	2410.80866868202	277.903151365934	14.0315589922309
Gene_150	426.743393787585	839.746187371485	332.345679473343	81.1776656545567	59.645934244421	135.243848978277	507.139066755671	986.342583801979	247.898323878609	231.561650859082
Gene_151	210.641210226663	435.869176692272	179.816621957519	185.829212823022	195.455671580524	704.517616813848	419.686263757375	514.134318059993	188.389125403277	161.603867399311
Gene_152	31.1864818114623	146.967897984126	42.4830285546185	678.797718805552	128.946178786979	700.818039870866	453.893072588377	41.6847572551186	619.08501554115	208.785577033367
Gene_153	60.9703647659534	92.9872432086273	212.130045601906	58.9017516380393	101.166293600511	590.687988037909	714.501125332147	647.248696414028	71.6912805358473	1410.68453210142
Gene_154	178.890528032316	447.304162062305	102.26737034611	732.541547311698	109.353345929992	507.708047294563	537.6565008511	223.146081704271	138.881117336038	606.418748561817
Gene_155	10.5068969636009	48.5416573671918	406.026559418642	470.522325215671	78.3630614928801	1055.77219710532	522.471745116547	1390.1039178918	177.560688003943	129.502860370547
Gene_156	49.3782587076757	268.124245545871	205.992995905066	816.806371799004	26.306072710985	152.92080040631	853.988262295269	475.115065149615	251.953667150189	393.667513402041
Gene_157	54.4370515565408	166.402917335152	146.617480060048	434.087821614449	91.2965447170342	664.916216604932	339.87657906455	380.880436148596	87.5674913979602	589.130761316296
Gene_158	85.4050345924319	232.047666679648	485.814988812314	509.038434500557	428.713908305732	443.660173537891	557.497161829096	1224.14777733582	144.586631266817	172.090476000267
Gene_159	44.6205263255095	174.918106393092	263.510593956362	476.027949444974	232.242322231404	396.480001592897	385.320499170099	484.766347582755	215.259694802078	110.997718878601
Gene_160	598.744372835734	1752.15344915835	158.868481894951	986.511605374534	204.436504088931	471.068523420659	256.816089423596	721.260658169445	27.9770263792812	307.593263794266
Gene_161	21.3297754913626	25.9159879461735	1308.59840346795	360.77318144078	508.556259457047	252.835356988917	83.5131679854437	589.628722059249	929.705937466722	238.819115465839
Gene_162	250.769748149597	384.387743308975	262.176415441693	183.806210734212	236.363588510194	127.530658083639	174.403344975598	246.627635561897	286.449288207523	453.088066596747
Gene_163	130.260631116061	1469.31136034596	32.9255644738353	1179.19672105386	8.17930313820743	115.54588102207	751.306912419258	88.2981166891907	212.286588859579	291.221068672738
Gene_164	306.068820710979	1060.37017867458	26.7070632331662	904.726767254055	204.632910251167	827.132606732643	570.443635867425	66.4513009379313	64.7968864378279	675.859475784003
Gene_165	77.6709289216804	104.015817563149	661.919290058237	165.960109932564	215.653408256953	213.061196551375	272.971363787976	607.226191421258	817.816041296681	194.633506117202
Gene_166	221.884256105992	745.267292374041	3859.40032856491	1252.47047813197	110.307955996575	106.443364405509	89.17154241229	16166.7769233097	88.12124360303	30.3091893555314
Gene_167	421.111588508188	732.948035230174	866.224914125569	1227.49097626087	922.673191631327	116.662318099468	45.4532565393265	1141.94854647494	39.0880702830454	297.652639564892
Gene_168	171.102415483929	559.292122159232	325.637006379524	2563.0198031239	162.451410941463	322.7870929611	269.095537024982	952.643204056955	44.2156018441797	452.321047095872
Gene_169	565.333023708893	1235.9563634253	410.531670155053	610.867082560437	356.940149577708	260.208820385246	98.0321281732598	781.933641057399	188.416250920668	45.6481998588509
Gene_170	168.483641862767	470.673839915766	202.753252534258	1497.36605779596	128.498094730469	743.013729906491	141.572737467813	706.013651901241	30.1783051518752	317.836571820328
Gene_171	520.214804695892	1286.026079328	811.105975221992	585.462456446208	367.240524097513	69.7284928443746	87.1924641519333	1195.78932542482	163.531844082063	74.1832120907094
Gene_172	318.858177496317	645.271716863654	162.475645206624	416.790180663058	171.400775326102	152.529662704916	93.8132550762268	145.298671404673	296.984870176295	249.524573771114
Gene_173	2615.66935497062	1765.70559915474	751.932938764936	191.79347684205	1443.42380597719	82.1065930845735	64.5860999477507	1018.50461819912	37.6057663132009	670.574019210125
Gene_174	493.252355975616	928.397860590706	598.230601998979	930.725392612634	93.651274233217	102.368553823411	70.4551519680272	986.608586416966	116.590152765672	243.908773126939
Gene_175	561.062452477185	686.065412924017	1143.29838342516	857.114494918438	299.330743017672	50.7712611347216	44.1034960178414	957.564003412372	131.682965303729	362.181063356464
Gene_176	32.9718369595116	166.295021680722	269.435774509635	558.191812024613	22.7819763573923	399.593622344258	506.351393294482	878.598210892467	246.524726268534	128.530320592447
Gene_177	97.6387555547382	470.294981504573	917.776948894337	1307.21455507963	99.6668082131113	78.2561129788829	306.848166025509	1295.03730455957	953.586861273782	39.4138911916639
Gene_178	118.436881311097	156.994843400899	540.9310358816	1213.32201975205	456.751426044092	101.603891002391	54.7406132924041	178.814280651171	598.193175412702	395.413259859182
Gene_179	144.539103062048	159.429926868887	1644.10545235948	191.945397859472	394.852518738949	162.804163939707	95.6625314660836	1573.56262965155	583.721004488662	114.376925811654
Gene_180	218.545033585782	376.907701231904	410.792073182636	434.334399082192	260.285140984215	164.703395712271	123.499050152314	493.184421885455	163.471582684482	326.525775786415
Gene_181	432.830916631645	945.653731145924	1429.8589901991	5389.52654423307	173.346118374337	145.333136209438	27.7437065316842	2463.93126189876	83.2085162737542	89.8441226230484
Gene_182	78.4925805359759	173.821221840445	1355.09888245597	553.746210852411	74.0010104194284	105.360437469415	116.137074026374	1453.01646965172	837.663149648502	81.2375649826721
Gene_183	496.013141164901	1043.26131000674	210.502730695121	5846.16455458988	355.752615792142	260.246204746478	86.1196931901799	224.897744575566	113.35392594856	417.44495979429
Gene_184	161.132867596279	795.237327265035	211.669877505669	481.249993135162	76.2570666919476	357.512032259302	1171.27615816037	1720.8647315211	25.2332682541894	428.784725215767
Gene_185	166.439413943021	368.050844731632	502.569835444656	241.719274069585	438.999001881389	94.5500883389812	347.359176636174	608.357677956389	230.551726495446	235.939208936996
Gene_186	1020.10599154729	1762.80797484273	363.008379624678	647.098743446829	242.462351153937	460.812578169129	154.250100464327	1887.68147041132	21.2882926944534	302.419044865763
Gene_187	118.805422638843	137.864718511586	257.229898412761	209.575888343638	660.003759104763	555.227144798046	103.670223529243	306.591449031915	75.6405678576639	676.345544861265
Gene_188	684.385953057124	2507.11092592027	704.346942023401	686.006085114906	213.33523259614	54.2723995175032	225.580510539922	1498.61779919046	240.062899784018	43.1957651656447
Gene_189	45.5236018731984	125.684392858689	1546.63961870624	353.742201621417	94.7615532404655	182.507466079482	175.753656647045	2940.71218308727	402.515759694481	58.1676621026751
Gene_190	59.6113077779674	217.883975387831	896.059533822806	2363.32365435776	178.154596099517	136.65810216061	266.283904837547	1073.06200322343	471.356326678258	114.109558833818
Gene_191	96.3972370590322	82.35388857253	725.000059997996	535.491286921033	607.742855241793	2031.53214590784	99.3798685771663	1715.55848339651	54.5478515744875	474.071152884339
Gene_192	140.656681808516	118.871610361314	826.485691907539	584.046498074726	2665.76016924233	400.436879502537	34.1734223335368	340.961349805703	528.638812182995	88.453816891678
Gene_193	161.691009669289	133.20275998933	1252.5236180263	284.620804717344	852.211057580192	484.289623068411	59.9036878493888	2180.25672497539	41.778167355607	479.717458495871
Gene_194	232.780228108435	79.1800560341955	2624.39142957801	64.0723202182981	529.165950726215	57.422068395397	48.7108308317213	760.818433536899	1452.46972367295	579.958898984937
Gene_195	89.9424084492267	105.204756425244	669.615893380814	354.030417010384	1063.05907942313	327.824008169794	90.4866734312912	541.771111448825	179.114455531258	320.891786669082
Gene_196	93.6347880232227	129.907312266506	899.888974247094	255.453674028449	177.650435669997	433.252419209141	168.438761292745	1663.11357755613	274.738351308739	166.874769413125
Gene_197	258.13467148721	1055.97979824981	1829.17308968689	1328.29953561965	258.022307366591	65.4560639190428	114.517031889151	5156.38423790452	66.4076885687227	64.17753715522
Gene_198	136.002268130753	238.273787038793	248.26250283967	250.133396888362	152.893340821874	270.074714701252	117.469106240347	306.256186831905	191.621378288476	314.028356539689
Gene_199	61.7757422973729	183.475627895901	330.360554043925	199.081243383538	89.3876394259162	334.349768078698	466.080645279509	1115.34268618078	74.8133750105056	438.161108674227
Gene_200	1156.8546499516	1832.07828441097	468.306688250654	387.858871728647	158.465860602399	150.617146348296	238.033346855113	1538.54373076119	62.7894555922896	313.346756643861
Gene_201	60.3854211292435	236.949774603101	1308.25548130028	1381.64369329147	182.923198377339	57.857668536588	139.455387161359	1386.78139593403	286.859909283799	105.060530496199
Gene_202	889.565398658325	1995.9028388941	376.072804985362	711.267430659759	48.0935162368128	206.956658861726	156.070091438446	1727.3233045673	50.4570924127879	245.140865632906
Gene_203	76.8633640977008	45.4394129437966	867.890450839872	141.851397613304	555.819094863292	350.872191614528	44.4988756115541	408.378515395719	567.937569208506	384.870023473198
Gene_204	16.7367742473363	104.999589310341	202.058890694383	1369.53332552053	46.7477782263609	115.278161432429	508.696436773506	181.404115111513	626.966060780324	374.629308635243
Gene_205	57.3702671418372	183.343259503278	523.207419198282	818.815026385018	82.3353637999475	225.714159435472	306.109399554606	1070.15477417282	178.381640173354	282.593778496861
Gene_206	590.964359408409	648.570233648843	71.8496341638521	810.947126315346	357.587842317285	856.479743232872	159.50703799054	95.9735449988917	97.0094003596598	1073.48683771226
Gene_207	74.710597399752	167.461183495447	498.469674239093	690.475861170388	67.3216385625326	88.9865173424928	223.133619904656	382.853030391786	772.727071514322	417.691374217878
Gene_208	1006.48556143202	1431.61445171602	2124.49456155512	2457.84130231914	1320.56833479147	56.2904907526116	27.207301413189	1280.09953281357	461.671094377499	34.5594081531588
Gene_209	186.271558806237	264.857526527079	832.096619563814	378.841234166304	335.492966406879	140.320202873931	308.759181000845	822.160279693917	714.377785699167	215.795104126974
Gene_210	112.655225136031	114.314410414604	189.834040416718	107.792710974546	171.104210347386	91.0657586361745	153.344036222546	66.7310480803332	877.748725314636	1594.61605300994
Gene_211	199.616440289823	165.616659767037	454.9583223703	796.179532943516	452.111065650618	1277.74974278092	36.363864096778	807.176176306355	35.9261872056628	635.50438287624
Gene_212	78.1017464729276	91.6754636048565	2400.35555611846	662.015232733171	509.045012836017	474.890706488207	51.3867165455717	4919.80748884785	45.07608018936	219.558683334515
Gene_213	123.312103632365	537.345875380215	92.3903841131334	1188.3422562955	78.2825658148681	190.108031847457	398.248540710992	118.390492110779	320.932416370956	307.524825347639
Gene_214	440.710813862874	823.739551449375	236.784859178618	677.781564682116	113.536502348096	105.879116168405	454.010131611948	295.508946521557	350.020526983954	616.006613431848
Gene_215	37.9669264030815	108.862792218166	627.952901031465	329.090092923139	72.7777365938569	170.56168494471	221.464512370714	632.835850494913	1408.11573841549	71.6064701009359
Gene_216	56.7403804491502	97.6160419481067	804.257352197252	777.438525200657	306.686354867848	665.031924035261	112.039625563464	2083.18802716155	30.4480254577566	613.498628245245
Gene_217	317.328029127535	696.843629687307	1109.26644560484	2745.5729755137	277.382817004224	130.83328524944	63.9076789629887	2020.7901792313	55.293100927237	257.807234419014
Gene_218	156.053123460104	668.713122301584	205.451612983502	1693.2005161268	90.2538001719299	140.894414852501	177.749690926921	225.45665730126	559.681094404027	95.6649533964628
Gene_219	64.4164209905284	442.978519003269	224.141443944986	666.697335541154	79.332930408077	282.566261108465	699.992072333364	592.991652774218	511.681190018138	47.557817606453
Gene_220	354.401677653266	1000.16569308338	489.128581512362	1934.61963559459	290.196249800863	57.5677554304406	60.5975789965466	404.680548841547	189.597453828466	184.493398418933
Gene_221	43.4464003980493	156.522291989066	613.38969305565	3067.77520435221	379.488052126052	741.272812883073	80.2709322204932	1406.94684742929	51.5046721107236	140.607141184291
Gene_222	53.4100286295737	98.4483248882262	399.391763030714	497.912979453825	115.936552282176	339.572922306084	135.258002574291	334.606911014322	838.224938903128	157.596062199095
Gene_223	95.568178621973	89.5725388239899	768.80903863067	544.014115785724	559.211038205684	219.21499904996	85.8490413863972	316.782564337984	1052.55992780148	232.635817215498
Gene_224	83.0943882705161	240.393323195671	232.12036267097	2083.07134868319	135.031930674472	174.293062743771	117.32267190817	153.872813021545	500.161004118038	235.690099381877
Gene_225	93.1248781223758	234.123214860958	384.592399176608	5836.63487816418	87.0414298707088	267.532247019667	31.6075321681868	407.123912925266	82.9918477422955	436.687299721148
Gene_226	172.608206940909	208.866214143181	1350.42879007187	745.24026879282	646.524761354601	79.603830855824	43.9144549751094	510.313822983661	1067.01733293451	133.166880971459
Gene_227	144.817306611417	482.617543978608	505.636502849817	665.593382322088	352.434485286651	39.6411206483884	198.277919964096	346.381985028239	435.96118356271	151.191111826508
Gene_228	666.101549331729	1115.15279748028	595.652701513563	1699.2288812713	163.694959054442	41.6119684624469	33.9454609154882	415.671213883464	163.191632770172	316.098474782214
Gene_229	23.9110095449348	137.410174278844	150.119775262953	1328.00748497318	82.793696780503	773.369993018838	556.360421503539	445.531054768302	101.011170083022	290.054917344001
Gene_230	314.761637786994	449.333004221002	608.554885705369	538.374856298165	1328.12659919316	167.717008984774	94.9196555925687	647.169745423687	89.8381956208882	293.88266332287
Gene_231	1228.25893200452	914.138770350802	1063.97827555431	141.826019769717	191.148108406113	39.6373466218212	43.3825702540769	771.925173000409	411.159588349341	209.520611219905
Gene_232	112.559693720918	351.71681529917	102.713662375908	1070.5535258376	171.108911812797	434.802747108705	173.90798145443	164.504490766431	77.9694481482145	534.955178245071
Gene_233	134.57028282579	277.955589857925	556.145362493474	1453.489196942	143.402616064266	661.919886512637	76.4548345108511	1453.72793389633	72.2530555195448	211.28482949392
Gene_234	242.928225128648	321.214297350366	201.221577769558	463.518325413432	898.156811846133	252.333788561085	133.995047392422	176.536479349384	85.6456108436281	1067.58428926996
Gene_235	66.0663320266277	167.269449702588	83.613692241505	2541.4930608307	156.543335873441	1009.0357142787	182.393735839577	92.7341826746805	200.943796427115	614.384537211272
Gene_236	5.83092966754716	63.1993541558599	113.110918352027	4388.46965282562	13.4992838001056	2032.74703463398	1254.81038445256	367.30009287349	863.849949532934	63.7816673281727
Gene_237	51.1086320022258	102.293980079195	813.416709114619	1332.18049925797	248.530996195852	346.549439726149	94.9049428603246	580.154682097238	1269.1864733607	69.1942143374168
Gene_238	574.995323595583	221.66149013417	1497.2260889724	213.717993200974	1432.89154711127	331.148570416087	27.4377569124645	1744.77640101247	37.5160428555749	890.809555327945
Gene_239	174.228735005516	750.160058791514	240.226411471976	162.869136556377	130.239755954722	75.8805355832579	552.892014265273	552.876054495152	130.247233516636	229.109664987225
Gene_240	377.28312578698	3067.70122717895	73.9962764922854	1341.76872594516	20.6835797741699	200.36984317529	1290.3458756753	468.286254625282	77.5189653159457	195.932081658984
Gene_241	351.763982692368	370.423801757204	573.932632854616	964.786580145706	652.423618997236	58.9493490791142	53.3677838721587	271.102448030704	120.280936242222	1372.58700797542
Gene_242	613.360412734773	1163.83391138092	207.204367672046	395.478775318681	357.80331089037	98.0975497141698	130.890478486329	176.192285748792	333.126377815905	174.703344583207
Gene_243	135.148555139217	261.264810764081	199.274736423238	203.620954796055	91.5553454453555	150.068032700419	472.71528119434	199.789230581348	746.577378806352	475.195445116234
Gene_244	896.575748310924	4713.75118573894	199.576708102634	1193.17837464957	98.5547739214312	82.4025595197853	306.592488380893	772.531289683909	45.2766103818042	159.938452239546
Gene_245	47.4532822268198	138.954111616184	663.06831233371	1059.55929265116	553.917985130544	181.084282194454	322.169575014708	697.794392295578	266.55860342721	250.112852155233
Gene_246	27.0180586209798	55.9230013166617	1054.27503944774	682.46727973598	239.318163968373	834.582729133259	115.612920531318	1723.97647315914	326.178717404982	69.0586578226318
Gene_247	50.4592846583377	88.674945228338	841.118636329303	509.203711299214	170.860503616912	273.226854752763	106.897708599085	738.930255835689	736.798856438702	112.04180535504
Gene_248	646.88429845989	581.445035620174	382.771252465674	469.521340841569	1067.22145412601	114.482163155171	51.3078518029505	224.425840545908	127.805129506336	594.81387398897
Gene_249	119.954000965301	58.8447463304053	862.183648147012	185.353010071189	543.907226985072	233.192614918981	139.286235457134	565.70573356258	187.312446042179	3186.98390138806
Gene_250	118.924570731746	185.170645609481	780.164381229266	284.386469958703	234.828808416341	218.692346965011	168.988485010821	1440.01491824465	91.0908784927976	444.116533515756
Gene_251	304.354573902309	319.682964965879	353.201782671393	151.885969676551	465.227598924038	325.295194348149	68.7416720120741	377.96455439129	201.24665206858	174.054738611988
Gene_252	273.141575182659	1111.87670047935	957.227959833235	2432.55449890868	83.6204475314434	138.063498512523	239.134979157466	4627.76793664909	38.1933123916939	180.935543611274
Gene_253	707.948616198648	1272.7234360296	276.741519614532	486.04507715032	194.064642995265	44.1292335448936	227.116037558519	269.774815795935	177.508450601622	674.246113454939
Gene_254	46.9301746464109	626.606981331836	138.599407917121	1431.77162420083	36.4339975151886	84.3912560234959	991.837823718658	187.138775125858	2085.71356571635	26.2796118607492
Gene_255	135.848710781024	179.353178448348	197.791451406458	127.446933442969	117.003198210505	117.007763148549	118.567258124864	107.759438024929	659.840300707619	625.221573978674
Gene_256	293.467799819073	397.115881604882	1026.1865469902	453.430484891157	95.2170647067465	27.9019112528666	98.3739346151872	607.07677283388	636.691722679588	537.127506925912
Gene_257	154.02154247595	251.879860349802	190.217029225915	204.330146540018	484.019880896921	268.611871516687	181.312912762873	217.291627566235	107.938244409015	664.750010890812
Gene_258	43.5353953840143	103.070197757542	155.028311271669	1421.55090498012	817.28333749579	347.479454419605	82.4751020174081	68.2929356039047	267.135192886136	454.450114186163
Gene_259	39.6222559202537	103.219414031275	165.908980347517	819.822118088304	183.121116148283	555.600288202151	143.313348075741	274.942997553287	35.1830480685166	1170.96331541063
Gene_260	686.066319421847	503.023628330041	3908.63601579274	404.381343096103	852.941876079735	40.3329407289904	18.2809514421336	4098.97975132853	28.3386606721027	532.442165673095
Gene_261	85.2073612720857	120.906603095181	1302.10824408915	696.412925452403	248.325757182896	136.621681586676	52.6693701262278	1083.74831591256	200.197357889817	287.833090729646
Gene_262	92.0217758637238	265.285635716367	602.133517530634	1931.17473971519	171.242332002233	329.711904762725	191.285465793144	955.360985707342	336.512732076735	87.0599838078624
Gene_263	17.7440134126364	88.8164845024488	176.464422351331	531.43629016183	39.7291065362681	361.431141378624	1175.58068497249	583.414206383037	63.6990381261607	1341.54018885488
Gene_264	91.8550957720886	451.529087002266	206.663778690273	1652.1309118065	73.1010641586506	381.344929816116	160.224436405407	432.02984443881	225.060616349633	74.4437535706037
Gene_265	67.0260304802072	660.835122559188	57.7624040185392	557.730279010837	39.9833563865012	988.518555222983	3579.42590357083	411.879179348864	254.762643856383	80.384190982545
Gene_266	221.422225446942	486.707557443455	374.97653752425	1034.04079681702	175.272098663384	260.134636825913	121.213809784188	566.40094598139	191.661335350563	144.817478347749
Gene_267	45.9508340501964	385.381040095468	83.5618105207573	4196.68363195735	82.5214723779734	233.152653829854	435.135546445589	130.515773385958	138.907892065282	343.980384108918
Gene_268	349.199084543559	1018.02685990002	411.765907197292	717.163831923815	105.609067006269	186.32868998904	136.92224257075	941.13185473603	196.22885356332	73.5455225440811
Gene_269	166.707376879038	414.281863069964	323.313738312421	367.129888362751	115.229344872073	261.084455052923	390.428623836413	686.557668857566	291.157358552617	198.843910000503
Gene_270	83.0146140140032	463.093959758316	126.526537507109	69.1560569817358	98.4679301036734	207.68526912641	2507.56376002299	497.333643416285	198.236168463063	144.859772540255
Gene_271	24.2805051511515	208.669421745771	81.3099696091468	2180.31356262844	31.5096021226059	452.897864367344	1186.64197556133	182.741579158676	358.531936008169	189.838964799953
Gene_272	357.758979124271	922.939552528881	386.10126289274	220.51271474764	246.568316105899	158.136511001353	324.443306399259	880.129384120652	209.433672505731	87.4857485444744
Gene_273	219.829912199754	701.777368459742	289.513067130073	6133.59930520435	89.4013583839851	186.463313796295	87.3871186733062	376.851316283767	147.812843980273	243.36962377653
Gene_274	175.315359422586	418.251629212321	822.307328546463	1412.96634661269	155.408506285795	112.526001424248	105.428780458103	771.800893888138	706.435757793537	88.2266527163653
Gene_275	132.584572786224	306.418590469182	168.204892933481	466.004021018804	62.7519713658848	152.076234293647	183.665879589728	178.477065407896	262.180432757383	459.963596607532
Gene_276	51.0658529142496	218.982242563681	118.851830193313	560.984567334284	92.8738231549797	511.86237954406	925.931735423129	405.328225025431	57.1536315409951	792.018224959945
Gene_277	1391.97457192028	1960.60632418284	304.029842459038	304.897353891141	793.443567775088	174.547805928294	53.6778200539283	625.565365073797	22.2597553510918	294.892389688559
Gene_278	82.6351106676087	167.317046989781	1262.43823961451	162.706024564616	252.0930491362	193.491759662875	348.44556554987	3048.0619120176	169.577486288726	206.001156754324
Gene_279	620.853297902985	1043.44071163611	189.634217986381	257.9208367339	480.942740703535	76.417628972778	371.544543971254	158.282134932278	354.461121907527	390.22791184645
Gene_280	42.6084233019407	116.156991951036	109.724072879878	770.63833481763	34.0480640898162	381.247726665129	396.900035223665	158.267424092361	186.141632980447	1478.16568893657
Gene_281	216.026240497777	913.220323519811	96.9695896007698	312.612292416378	32.001225504406	89.7069997119121	851.844190329832	246.780431152365	111.0315806439	955.158737196178
Gene_282	134.204686333642	171.2845833727	983.147417154639	373.850762206632	265.122534915668	77.2225458452957	51.9453390703958	524.663368274169	472.266750776274	218.866025164597
Gene_283	395.123244857744	999.883767842179	151.204972724605	160.152749383351	227.512403547658	483.39493078944	536.414407056126	505.298395613928	175.140559579911	99.6658971204401
Gene_284	60.6976887454953	196.571747364506	122.957378119606	492.112633530445	190.465135743888	498.438912388463	412.264946359971	221.616562023252	128.309348870262	527.279666121989
Gene_285	28.4213879531526	68.4358942860719	1960.92420828679	1393.98862578367	146.063632146394	95.1641816619093	74.3947903022559	1714.29414425365	213.723729413379	255.755796052221
Gene_286	330.703830130273	938.211655384753	95.8171291100776	343.281111799206	28.4383795924704	83.4149226418312	712.400338676401	96.8294321797519	1743.62304549793	284.395858930243
Gene_287	319.350918880863	409.803786993301	757.76195088496	1505.18215185953	618.568339752812	53.974612397873	33.7841516975655	266.338843149649	382.891168996216	298.761000812284
Gene_288	234.381891907326	956.273777430164	102.140273395679	809.384926414898	266.202199261844	403.863845955211	619.443489215319	316.754021534939	61.7410516418582	306.627988302835
Gene_289	315.653374001732	637.042712389788	307.41069563923	676.356436658922	92.2666336405983	224.007002805586	253.855055722742	907.420811210662	41.1874624137455	658.36332019129
Gene_290	241.553256123341	1117.34666545599	996.169191549631	1896.46952274078	587.777768788786	15.107785634523	100.325720742429	844.94043494421	88.0395731112949	170.299350099901
Gene_291	990.826301038392	785.693448368149	864.549994063646	576.950743164915	318.902149053799	216.27383172118	76.6347365186158	2248.0935025816	20.1694628349024	1707.2908856919
Gene_292	191.591647127584	727.72010798419	220.394341050996	491.443714961778	90.6185016185753	162.397481700994	341.730649685804	434.554982726008	297.442879579189	132.303063185824
Gene_293	254.064798329161	692.700632684129	164.242723002807	109.274329124619	104.160095845549	229.616267632215	791.579200106609	555.611619598261	116.88096930694	311.377830262364
Gene_294	1067.46012982305	1732.61171127332	290.234385543125	140.933959472689	91.3183212516285	183.301266707765	168.700902642891	995.123059389522	80.7019697072795	271.43413043948
Gene_295	349.069930214372	263.106705948541	695.839213745756	303.862228633111	432.045796545457	391.656175990607	62.5491351097457	1080.7822221224	64.291981754322	592.720791679188
Gene_296	247.784566318842	428.630860055123	181.859898564955	238.666625876338	144.171158161384	240.981204597045	270.155472826654	215.236389994149	506.697561871662	283.696544503321
Gene_297	678.713670977699	905.664045794943	1678.50383596179	1461.55867156467	859.00132191991	43.6289447923088	29.1537782554344	1853.46254161214	22.6792375751241	640.785224553656
Gene_298	338.128657569937	1204.21745834988	113.978969511591	397.649626922269	89.565973948111	104.613259939608	936.832360113802	167.039190664478	694.493831423912	229.054536260166
Gene_299	3144.00946885866	2180.8796064784	1000.56387497787	273.340978098889	1663.89310070167	27.1885879470293	28.8846596151477	432.047460192649	315.271172693574	156.089860681895
Gene_300	36.3453562350201	243.999421470575	269.918973718155	2437.80342628611	67.0728167868243	578.330194646153	625.21429725897	901.908777692435	220.717590312245	120.853274784065
Gene_301	182.688547201118	834.447859524462	434.944359155089	4042.17964435737	123.403448120356	131.984734643298	169.405585333582	937.966199751239	76.2434341198969	222.518280116977
Gene_302	105.139022235468	663.961704282862	87.7545928649638	1252.50073501969	34.0340358773955	512.630764238166	733.229304966934	299.032924982844	265.884644411587	112.521709370055
Gene_303	292.112976642007	495.881714362641	551.509252818005	515.864722528702	278.30022835069	363.951266749975	312.592841546937	1180.21193080995	276.491005818368	119.733003199284
Gene_304	122.974119990132	235.98037245386	70.9557028067561	348.384263925937	130.271235024379	176.726806237655	690.134347482449	67.3743551580633	161.252163621079	3927.27224973562
Gene_305	1034.07414047753	1448.78799876954	1504.90030463667	6221.84791577587	714.694958001812	143.469262680232	16.350383009821	2330.38978403716	24.5728235760051	232.925274316693
Gene_306	348.000826283737	1258.96403685928	247.083331269193	336.680249153993	84.6617462959391	37.0799753065564	285.416501448637	256.148612977847	632.725105180404	120.696882656967
Gene_307	162.78661520607	259.888446356581	1842.6253407522	309.391410887096	441.718896736305	185.7076976606	117.362462518966	2887.78792139643	310.139372028435	57.1593812350542
Gene_308	105.81497931415	437.994663053437	62.8124174545815	249.712018984526	101.823219449067	406.181700383459	1287.73481800143	221.548860001573	58.108637607884	998.48952742949
Gene_309	41.11768601118	118.835840935126	1149.89962001731	427.321548402785	281.599382834255	166.769142211324	474.084837362992	2259.10567347363	164.570853425418	255.585415460084
Gene_310	48.0367192348445	95.2078234454341	362.442909896368	250.501020129904	567.686710999329	374.440048467777	150.5844370171	245.280864819399	963.625826006809	86.4510916189958
Gene_311	88.0717291728579	158.315643604104	265.229824612585	496.722415881625	121.558554223725	467.125233577438	134.587762064075	416.893984095529	127.837745950331	629.062731666519
Gene_312	182.808457821801	1115.14266291347	368.277539988994	1096.93223084378	28.1234515716734	189.08545692565	757.798758386418	2549.94343357862	67.0431032193831	168.091490120971
Gene_313	206.13122594081	200.619531391146	1344.60179455021	377.207311148001	433.89919078367	68.0473210562938	103.687203611902	884.230192272324	289.461255310751	667.965492763758
Gene_314	162.869797594297	317.554895574159	625.113907677597	513.397067224466	150.423172897966	69.2979070174982	144.0074642858	547.208468659827	329.708868240569	283.135048284112
Gene_315	84.6814069699787	281.656885397847	378.828714821939	624.819047062632	129.164886005237	228.522363184354	583.950034993379	713.867038659267	364.862684996818	147.838587384103
Gene_316	162.726501366696	468.644689655037	661.829030529183	516.804243650451	48.6968767622244	122.742974131492	268.88297522556	1601.51161104459	225.960761256692	141.262845543771
Gene_317	163.904542336126	676.61285973374	746.328419822276	886.22619639111	52.6794452539134	106.450049516343	411.655326459587	2139.30984009021	272.078965144886	87.2196372585335
Gene_318	336.537761938071	843.262580593811	593.309724327515	472.383738025088	333.233359969732	74.0464006077315	157.566930317765	889.111740894682	128.388227286946	188.00871577266
Gene_319	162.52422550673	518.839646038901	187.091994637403	460.495590056421	134.70374614031	78.0168636851856	404.408504630606	204.654968755817	274.88668650147	509.948883653111
Gene_320	122.323226206253	211.884725041159	613.818897904834	174.2971736871	158.647264928159	233.948030091534	282.675752626639	1122.4503960719	277.100260848783	196.16581123631
Gene_321	237.354827386062	471.834229788494	361.394761173799	912.789464790497	162.704162146072	402.962518494781	115.338339423098	700.911772914702	141.119063086838	154.040849563432
Gene_322	342.354546290915	1815.97512976848	226.829870999762	750.623586340434	101.404946587797	72.2367974238832	567.828193258495	529.372395724742	194.775456527797	118.857293452218
Gene_323	666.317236391633	1101.61483014266	111.813181732998	168.686233106718	280.304963378569	70.0362996846868	531.476389107924	89.0033801347658	457.692307171413	620.789116175903
Gene_324	363.390723736241	975.588449782193	178.191226088756	1496.38112461836	132.294977116216	370.42997025465	310.528911292569	560.62457004921	45.543617027664	410.919996014213
Gene_325	225.179075762319	307.568899196724	660.902144788459	370.334794742923	474.317178323761	141.798084783473	90.957617845565	483.091358219581	505.905190241627	124.32480522834
Gene_326	94.0347640968344	395.114424178114	1077.10474035678	949.535417231444	61.9626922410627	86.6779371185604	408.219765767469	2083.68156043966	663.239517450036	65.5001167955717
Gene_327	290.987408233187	1189.68347093935	131.384039066594	362.682495990179	186.682373264537	112.803205872166	747.248967404419	234.768503543738	249.28400102042	153.662601579946
Gene_328	772.513684598483	2162.17404571187	763.948407504335	401.055303651486	108.658209659229	39.1003219116992	294.459590641671	1435.2240635526	427.474635445973	69.6365614873069
Gene_329	51.9235514087129	450.123843463039	112.467555548554	3585.05028158184	43.2939528924625	341.059990443696	345.409851511504	194.019482384865	578.976931415424	67.9239738298712
Gene_330	89.8957652623804	83.7586350384559	3628.44753177031	343.781409129798	246.513454146683	63.5722808677429	40.9011558186736	1733.55152710518	949.523595036643	147.192022444271
Gene_331	193.534238399936	2005.3987161821	17.814790083057	845.442534969485	18.4647377362436	356.415169502666	4362.2839707337	138.649356481626	35.7393992205376	1047.59266934868
Gene_332	49.9445679938646	89.0273055428562	373.551332700319	536.104547234014	818.44713545887	223.555270394863	87.3063968099275	178.774056344901	372.110206195882	312.693443599045
Gene_333	290.045736655561	824.164828678907	1952.38745049702	602.49939048159	260.110826935851	58.0266644468695	130.230390852451	3478.07477737737	271.788021647644	41.3618678642386
Gene_334	428.326240288	776.986208216712	345.500652591532	268.622563875846	181.976319845145	74.2780224528117	84.2562248978019	276.046452971764	473.960090265795	100.8966670403
Gene_335	452.069583756241	264.721851201508	430.913177182523	61.0594254989921	307.098477738593	110.373930714913	90.2996574338803	262.39135135558	401.371610632796	731.472177025497
Gene_336	786.267064698504	3243.64526414703	751.682119611292	1907.19639413215	177.889470715002	74.4925885211698	138.189872009761	1987.51235041821	133.671667091487	35.4897268894097
Gene_337	813.35882300533	1615.803671853	549.646685892973	672.550519352498	256.049548873112	53.518015173805	182.260277168354	940.226459757794	70.5238519924204	427.988902016277
Gene_338	153.906682838608	350.143207063663	1507.91471716168	517.447418665204	211.411934914487	61.332581150363	285.858105457125	2336.19253132125	222.614159534744	252.905960471316
Gene_339	92.1738558416168	168.479775666069	275.797597995381	947.89214123807	95.1324933726229	244.08786580603	142.258611211495	287.677797635979	189.166629314478	849.696433082487
Gene_340	136.13750799224	291.134312993474	1001.58272467401	288.051276732412	456.56688220077	81.2579033808782	121.421353928927	907.438566314789	398.933893040459	73.7846075715905
Gene_341	54.5057074924559	186.302185922288	370.847178523436	1536.90972038594	81.8972827237171	34.8439259725292	271.895828960502	153.878184251531	1160.43610514207	449.858972110834
Gene_342	373.338458663045	260.336041917931	831.396835812705	265.669840766836	171.533164865068	193.380589307187	62.5886460171902	938.045228268148	164.823728751326	570.54258421572
Gene_343	134.211115471229	280.228341175024	429.82632442939	516.814506395713	93.7158145904896	421.269628091113	240.512651241332	1125.97363578096	142.349828571643	225.772347993433
Gene_344	104.86689188415	781.969419176896	159.645547416139	432.79527044975	65.7784311347848	144.688857948156	767.012696022733	483.831372063218	199.391146686178	89.8181860839799
Gene_345	129.841722995779	894.548793493809	187.86837987756	3861.38169330462	184.586563461409	124.999738588147	240.355190864849	192.056800079943	586.151964271791	47.6758285971264
Gene_346	182.887456892795	827.385669258815	562.644113063498	1445.26992759975	106.297679702707	293.108123949952	331.783569222328	3175.2437237707	40.8768190182693	123.495434039292
Gene_347	126.701190192374	737.035526272796	507.618109719615	2134.57920757155	16.5287810609527	109.452870363077	353.237340091738	1511.86830323447	305.700545330708	77.6582560061548
Gene_348	88.3452475541302	191.336793328191	1761.43189142654	302.018964218528	1000.88025766622	56.889158817101	135.943318791096	1379.73986022079	315.863415962734	117.635793682873
Gene_349	1179.14040630839	3923.18717308965	163.5268776561	350.774384873784	32.0196466822764	38.2500739435662	533.996411617536	475.864279876436	99.0308330651641	813.717659827844
Gene_350	174.391167661801	316.935311463777	536.601628447583	285.925204121272	108.852360525164	130.030274714509	298.22620083102	889.058767497921	225.6743989664	496.141871512581
Gene_351	74.771021463	185.694964316231	353.443860853212	1764.04122468496	163.504335232561	429.532451485772	248.307998216159	725.588503147109	66.8667783002253	774.264501148526
Gene_352	24.0672913944038	237.702985530833	350.758841614231	1772.08305249429	117.621480361587	278.636552816445	801.466119318268	819.215688593452	531.837973114486	40.4938129673962
Gene_353	725.328373419933	1781.17530831956	1081.28311643778	550.59361483009	26.1952100779939	61.8286528642604	140.372021411491	4895.27649417571	56.6258014654241	270.886115924435
Gene_354	242.674605629124	471.617982371285	688.471009376019	978.511028311025	470.083218279437	196.049456349	162.795337666491	662.848646474564	810.44762201288	57.2745476537241
Gene_355	363.527322172127	422.248437488426	334.915646940162	427.150336657262	223.182111406604	154.095847032377	70.8740187691282	251.738590470817	310.26877056621	340.259694323345
Gene_356	269.267320258083	632.783015489686	103.111985618071	140.119592706479	63.8991471021436	1069.89888757164	1135.56102006823	523.564187461473	226.368883903064	161.105007415224
Gene_357	288.01619902495	1671.84875730816	156.531121669567	954.423606904614	73.3772637598988	77.7487065275549	1243.34934675933	319.039241903969	451.89404965991	137.150964575054
Gene_358	170.218921504533	284.376307894503	1019.77440587783	780.363800285927	279.384282622241	79.4196676869104	91.2179335438264	618.686498683547	850.222711404849	125.707808329614
Gene_359	213.496645659663	575.09256677441	326.248542770485	184.716563620154	67.3729538190341	94.617035760592	650.251096540632	708.183967362073	263.691454865105	316.562762985604
Gene_360	91.716641669645	743.789305796184	90.8891804263207	2033.51817822508	22.3506183642122	120.470619237578	449.142978202501	114.363927441497	1088.08814435556	78.9883870861821
Gene_361	148.575479708651	1460.90048222569	101.966490471055	2106.032628115	36.1831890033347	392.107695659049	738.852372617783	697.48872280154	49.8641352369655	136.69279835788
Gene_362	751.619421044673	1213.67269748975	284.759737599043	1060.06261100609	124.131971405696	310.408349247661	46.4262230188522	682.26178564226	38.8939139071496	372.796471335911
Gene_363	209.150020182806	336.467393079654	400.570151461748	636.63326309135	292.061168368245	286.615240443849	68.31591739969	458.758833043449	172.270258170014	184.717651157204
Gene_364	40.1324666984388	152.960631698495	44.4908530583849	607.206736652825	53.01395809516	550.275877445527	1043.49626749405	59.6963758006231	462.263989866051	850.496917664714
Gene_365	138.138690267073	791.096729045577	1066.45511625702	1220.21542640113	39.9811460153026	63.26346513327	585.838047448762	3932.24184398611	194.510296918799	122.490960411666
Gene_366	2182.79669655261	5123.5889107227	438.947564594781	266.330141215567	106.330016385629	37.9250523151156	349.84806939309	1119.75490863763	189.147173466807	136.728643824388
Gene_367	163.475800074792	234.002644710527	124.434611865555	588.358660118879	221.621054965253	1168.52292319286	121.122180946533	178.037841481009	168.723529531922	363.779071649036
Gene_368	502.419645909138	1731.84597037589	1777.72330220478	2655.23076413977	275.374537061269	8.9323887561557	162.341417655905	1266.03360727607	429.384009879572	124.913976784355
Gene_369	28.947363809034	108.697781495395	743.808357408386	1367.47734949971	130.747209300114	216.265212925932	192.844213047251	1037.3647259343	267.341103711967	144.499499929967
Gene_370	69.162773123272	271.444142687323	119.553053221558	4722.00236510148	256.593569766416	257.680459567974	148.453280214536	94.871145873997	140.944312801798	567.946599523721
Gene_371	98.676832694664	394.946287284948	491.487732498967	1976.37788187263	203.918885334908	87.1057219867561	81.1340083116511	336.770522661401	626.45596268175	51.3500757451901
Gene_372	356.230442097414	1429.92725172502	355.497216696254	604.066950256579	27.0824262390518	103.00851697222	481.709079218204	1725.64951899105	70.6092375512535	364.089664898239
Gene_373	400.058603192757	1107.0631753519	798.122988567943	421.723277751705	235.61393733257	166.11749841858	168.798324970443	2175.69800399387	201.41571527967	38.2546977017927
Gene_374	201.092739761846	328.558880491764	627.189936366383	435.160374302927	377.287737425154	197.400065356471	56.5559991787205	604.975198516819	296.071697506512	85.6783360450368
Gene_375	52.8974812885809	77.9231959071107	3811.67808096259	1648.9245334158	215.224712635252	77.4655166207768	44.2599247100948	2088.03002683726	634.189429617099	123.514596127005
Gene_376	248.106714546101	1379.67459938251	431.28913825172	3872.0308849937	734.341839203618	107.260780553033	149.671876301315	719.260733212315	73.0435046037577	81.2518599008139
Gene_377	11.4130248985328	67.3749248166362	54.4017824411205	1085.30930073671	35.1800133769406	1881.83028290198	521.855852604963	132.775847249555	200.500864607957	365.500325881194
Gene_378	649.816839309398	1247.73228587117	923.200803272281	553.910932725311	481.519897839671	232.976548142527	201.410529966312	3305.41037845703	65.6231165894382	122.908237200311
Gene_379	170.108440606741	748.944425548993	259.649205629221	659.614721857535	34.8679094739062	261.810555338376	532.119195385433	1227.55402506099	102.599411368674	203.801049140647
Gene_380	329.416496367411	1383.20366380552	204.661276426066	602.768784219517	22.4876401516835	52.3342123950008	773.660961821432	341.629411148655	887.681355382598	170.569183276023
Gene_381	82.2318134232699	119.461430715408	272.12826939836	175.509464344353	102.782842032314	515.444283497729	273.547239697361	554.891861014648	112.929863461899	770.038413671696
Gene_382	205.634388610712	243.626112817204	864.464101306948	933.084515933793	160.269333093034	99.7099217499472	22.4410540127748	516.924290914447	245.080372216292	310.510472064478
Gene_383	77.816712035104	315.224559968241	795.140977580631	1653.50443797057	60.7857718307727	57.7545443312863	127.861957765514	694.603003596214	826.215384921459	68.8347473023622
Gene_384	188.273606202574	735.165358560625	345.119242805114	1855.95335006914	102.919719842358	118.934618067992	228.57350636255	535.211633348524	253.399510771842	150.253553514421
Gene_385	87.792821935865	637.213786827652	492.437952854821	1720.63399851976	51.0662177729387	36.1496699811085	366.910371143795	600.768737427191	657.963627519525	64.5174773226829
Gene_386	159.988137166909	896.2404921688	900.01360447676	1010.67961962023	87.1007807929782	67.6686040636323	248.523968232208	2757.91666962205	106.999844035413	61.3393811430256
Gene_387	23.2950870417751	72.8752882041215	240.627386356717	352.971032032775	131.332009013151	798.100014752251	756.648735457181	466.884456674297	442.100780278394	188.53355292889
Gene_388	72.3188727429538	187.148229129478	573.113661070501	207.679350749494	64.5170779710575	86.8910641561271	218.114775845022	720.63766783632	403.855415352783	229.6265054157
Gene_389	76.7474146656562	643.758391932319	666.603369359488	1629.32583599647	161.875690614792	83.7213679871634	1353.83659156044	1693.75686495563	427.957111328135	57.675628957373
Gene_390	123.021223518168	91.359718512742	1001.64664471512	118.186085985758	342.659920697058	191.908018888925	51.6166851408464	776.165095560271	221.000994871182	496.033596185712
Gene_391	592.109934222525	743.160031957818	1505.74408009326	286.046482516381	256.185133201974	814.772606685244	156.061818541342	14198.9454239776	18.2596203118607	128.580753721569
Gene_392	435.392600463917	577.133616069621	2034.25293423188	289.204616523783	307.868526769525	29.0660246409281	48.055287068067	1187.22234305971	816.215368860878	51.4661337608242
Gene_393	136.377726071464	610.329276414221	243.766857882146	2440.20523884879	98.1118909610769	276.448290805054	170.937571401243	539.199156147088	109.556047503007	134.652407597161
Gene_394	485.302303206254	883.344115319528	1003.96824618395	1829.15221629709	349.869825885355	42.8570705703446	37.6670239726078	606.361706974483	312.305330537181	126.720164241999
Gene_395	525.411292439667	560.822812480703	5634.34715763101	1213.33390076264	147.156565718141	21.6326301005992	19.295888262403	3829.86838052276	348.753586723735	116.765423987892
Gene_396	267.816352447872	310.948124923598	468.615891083472	365.086313427868	1424.01822726121	110.326415567135	124.565894628631	397.23903322263	49.9986148993188	1462.03037565224
Gene_397	76.7744949495837	148.63796997511	164.401105803209	215.43566935993	229.688542992186	1363.5142210259	379.807173436996	534.758697734891	57.3628775459281	528.424053712245
Gene_398	109.926998445617	107.097830503562	758.927601836196	312.025078706121	267.711612057189	118.927205911597	148.752089714145	509.618733422457	292.615071921734	1035.27178054979
Gene_399	1322.84115984987	2736.55497826128	265.685611144291	245.918289254565	142.977547898933	51.4419525841102	297.05833358698	635.161436768282	53.2471057980939	550.631340544619
Gene_400	334.980683674803	236.778134202613	940.025286804053	80.6116657118965	587.34813118388	185.798497643544	87.418185816752	662.498683928208	997.667733602421	89.1018709218255
Gene_401	390.548639157416	1238.14307164643	905.613973873189	1901.33638842433	164.177447308679	74.2343216045251	78.8977853579036	1423.71849239326	188.74205953139	62.4027210117823
Gene_402	76.5874528120736	176.486962482422	77.1760528790525	344.894973197874	171.000154447628	5264.98033975216	405.799188828236	505.676878525174	21.2862173785004	578.995470199851
Gene_403	80.0370823883327	263.82742691716	342.967974298026	868.473888161107	183.665015357091	423.383797086687	251.398012476547	577.289367272384	406.183345629446	68.3567961883192
Gene_404	447.949986990422	289.573347822207	604.923560545167	420.864971477997	252.965648620953	588.019769705426	25.8992585834731	945.956335262348	61.3210512121338	611.829142873642
Gene_405	160.92277041822	1122.33124389138	143.551902036953	1065.26846249559	33.7932303003344	394.707640438929	547.082895289731	868.897040057134	76.9278372796365	102.840887077177
Gene_406	537.260470102079	1121.0287142848	529.426426393099	56.6516839521904	122.046809172004	80.2834716479991	1179.26989023815	1705.15155750975	310.190778090328	161.103118516359
Gene_407	569.736929538627	1205.95964363487	567.551263134538	859.307361928811	147.776059518538	56.423843431687	88.2341995743488	764.336180507983	114.304398154937	271.613342729322
Gene_408	227.652093335582	253.669951445432	55.8978172580927	160.925406098727	81.2369183452365	1379.31053989632	256.811111004396	106.126538363276	162.345953413776	920.343016132504
Gene_409	368.379846031146	706.575014013658	547.872478370088	1404.56563522124	192.48591417598	281.47251947411	68.9581965102337	1105.05901804195	91.0884175900458	203.074087854628
Gene_410	44.5667963704495	127.613741299675	68.5490647540595	167.268846892986	39.5101955998706	2282.30900121991	706.840490228404	316.496779695039	109.681464541828	474.149271530404
Gene_411	333.373525741978	1330.7218361912	103.245211090101	296.277692505529	45.1514120780427	76.1516053729795	559.943180401464	163.812348962944	442.251356308908	216.30861483784
Gene_412	510.859375124579	1062.7392238493	126.885333094134	864.591227688361	789.312119165832	652.267251851566	103.884922759522	281.467088581414	31.0343424717656	247.611870365203
Gene_413	165.62307836052	1033.84339953371	275.643495437994	738.95128580336	46.4806045375723	150.639972347998	506.875695630002	1237.22309471127	88.1502155954959	148.530704794972
Gene_414	23.1765769834646	59.6426197038381	976.48144533226	912.192597187329	650.5939248499	1923.8672944732	221.874455931543	3479.85126380742	60.7438618490985	111.524738523756
Gene_415	396.467207092216	534.943849382991	601.457958724504	66.6003754489443	297.437386534246	40.4710090501195	371.935616588734	433.14166108535	1306.7046909229	159.340613214998
Gene_416	169.341305856146	498.74091893482	473.396617912277	242.21718745859	30.8383832854155	283.278027390509	264.107802700308	1458.39395839885	599.050852155492	38.7777335242392
Gene_417	196.752617593316	414.09804682696	930.941945804708	947.240642612911	228.513382079952	369.544058417088	165.666268115991	3310.07195365885	48.8305334484741	226.349896184078
Gene_418	81.4694435684737	348.19860680714	351.533021192978	3693.27180502488	233.374647388208	135.458688932534	39.6293666704444	287.676797799855	132.504148819059	110.571321146751
Gene_419	66.4210873351331	491.291594156948	113.649402836122	1129.86167725911	48.9299751873824	221.137462508015	891.600361913976	256.292111287654	343.289286664445	142.426354927152
Gene_420	382.497757584078	402.704308842861	146.780320070694	79.3772889769526	166.19390718577	94.0534570398864	243.314756962185	137.251003433161	130.087499662016	2375.74654660585
Gene_421	311.978686098737	806.862941813771	468.103712360734	409.660902882595	97.5845645755176	18.4395775771607	124.913724804409	208.424945841737	1813.40074388113	96.6325628633674
Gene_422	158.930162463204	319.344685499639	317.750226041207	853.305007574022	192.394070961917	254.714636561284	108.473831302294	378.529884861907	189.326616847223	322.771920120171
Gene_423	509.639983657851	1463.78041963713	262.217890398754	462.141991335112	130.520569791487	66.6493425346229	280.368135687869	508.052054019988	93.7734386114905	411.731613011477
Gene_424	142.578531508094	478.825296287673	318.497619347964	1467.9076080519	102.664802424005	85.3901626873174	221.094540443839	286.256337674579	540.76417344085	196.326796268057
Gene_425	117.543179455802	232.206944559925	398.307784858456	1507.16872226157	406.347850621827	189.25135391344	97.475687754092	408.09543272979	64.7112988907645	846.712234005451
Gene_426	54.5042677155771	40.1844959918486	1680.60924444576	169.513731702038	260.205367155017	281.775088038142	116.730663185361	1447.67816855145	448.490503264885	537.670557163402
Gene_427	138.215413973027	284.872838113612	1443.9023759593	862.337810720003	153.131064684536	66.4934146041025	101.121967778211	1250.11049484068	606.17865135956	123.965475146364
Gene_428	245.89292294169	991.070621290276	253.376493453722	2619.74099485292	75.7479426955628	360.399521163652	109.420978786993	629.645557964927	147.671943577003	47.9291576767818
Gene_429	1127.6003708505	1286.06140258489	1243.84228020528	805.400698574676	458.358187911323	10.4518920684715	45.8755795622004	495.384690326001	239.599711926882	551.666141361661
Gene_430	159.572255963843	3334.48181910192	44.2823788373477	8438.34790219258	17.4534362703395	202.406375356207	761.338733922081	241.806649572265	59.9745841296717	111.551863353134
Gene_431	29.1997229502367	54.0293772212176	402.011238395924	952.202055879331	413.890258110458	1122.03642528458	211.834387018077	489.570218509095	278.125667273298	254.793282888837
Gene_432	61.1311473069065	207.087537517878	345.265266834739	1568.46399518589	116.746125074021	271.383654664894	305.572849040603	845.910726247199	43.2803925202796	1067.01083651092
Gene_433	338.946016759352	1023.55805059693	396.800812790859	604.290117275687	91.0842388375427	108.079662107774	279.124270204415	1351.76014494236	38.2195152489122	581.053400754936
Gene_434	223.484107094723	697.95825589995	94.0193392483737	144.768411819857	56.9984052178323	181.724880218937	598.826423660841	180.393563598541	379.381168656089	235.084492207455
Gene_435	193.886672596018	579.799228715608	428.585363091806	591.276411071612	90.7853943760449	86.3537661256199	265.122682009838	576.403052154139	464.567945791164	161.312234139838
Gene_436	95.2103892731269	198.763329762706	35.2675066096696	149.112698283864	63.1909514081113	437.590622630247	644.440607708318	39.629489467342	380.850519143512	1697.04093576375
Gene_437	172.698591326968	255.752294133839	164.401531155126	240.953669253043	405.435171294579	354.24768192691	361.36292607617	234.272098760811	98.1402263458218	1160.33863803733
Gene_438	75.6885156665204	329.936227925936	99.0279371795282	430.922550606648	99.4643779748446	188.090025671362	1031.5064535509	129.757246239878	617.877358078785	387.347453639028
Gene_439	84.9898323891026	217.295703204171	267.426196428595	536.561304591475	89.030124195369	551.074816957831	190.587922094464	521.535626004403	280.566962397787	148.683749741105
Gene_440	245.901492685749	1020.8515934247	623.690768622423	1277.10167988593	171.03461215792	297.592787260769	257.613325221701	2530.31996141174	121.372470747533	44.6330626330589
Gene_441	74.6688860818435	270.901023830242	169.281325700539	481.25093964256	183.103791492462	239.908883037579	365.13331429479	210.072154772613	374.741908864063	169.721756539813
Gene_442	169.134410042823	865.264472062656	99.3618356670498	781.144477289359	53.2970488369489	183.473628155567	427.465587347243	193.560820048063	283.199930875991	160.948063425256
Gene_443	238.461886448106	643.609495171194	1396.56559169636	959.68227585575	29.2292562228221	80.2654937954288	231.914666729117	4492.58953458507	144.829387526755	197.087035123665
Gene_444	71.9803753486017	234.654462679752	195.087071205468	354.364553345675	188.167036706325	982.391630665463	1042.98561286217	983.76959744375	54.6187700338582	405.944572234567
Gene_445	351.552871639669	263.483753079418	660.515808742702	166.349965298407	730.376918444377	131.530402862749	94.1353698040542	474.91785171473	205.851100123692	480.699356950213
Gene_446	106.034265262932	390.743341058507	221.030569104378	571.432348026831	141.728687388575	261.847952817765	242.033554113186	326.295128148104	434.960074714468	81.4121875826839
Gene_447	187.705901201027	268.451040027226	783.349986753465	1281.66042000167	154.438567669514	106.028057691976	70.7900332562673	710.239219121685	148.276680389291	596.648918360424
Gene_448	134.146573967967	300.728468728534	253.309518074148	146.666443655902	71.2029711957023	235.944260478933	280.899050910908	578.298051993272	145.859422442775	366.451887337613
Gene_449	314.200052432185	379.560797951637	1116.99644574619	307.517641325287	399.958084276643	178.258841566629	155.31786656057	1473.93638606326	405.047529438729	133.55143410075
Gene_450	49.0688007263619	614.909466247141	390.204855362554	6039.82226132115	77.937956549157	112.236428375761	623.416228393631	996.765804670487	202.816980726071	55.8552769540905
Gene_451	236.749476627844	117.929614503837	484.2534109831	86.4891037052439	2471.78670732602	248.9440888905	41.7256467435999	232.304768532989	120.213106852008	998.680932258092
Gene_452	228.992149477397	380.872594268649	358.170898224725	246.096448576741	526.577039306674	144.166884233623	190.921382103715	375.473339948086	192.099230985912	320.524690630538
Gene_453	85.9523755385244	131.976663444812	1013.58325904815	106.038647700134	599.609200060531	177.443395616063	97.4833495764403	1012.47605308104	342.33403538819	90.6311982814606
Gene_454	304.670276282847	462.240957200941	348.399603239838	272.947840368954	188.073813074649	257.490194747556	107.625834886526	594.040971407984	121.966586671906	267.575664654582
Gene_455	565.478529511083	3141.14663215374	160.940314539023	12957.1537623491	79.885631810031	59.6206656226462	103.670270698222	201.570511091563	95.1679806608789	202.403756973205
Gene_456	408.49186047923	558.139475715591	686.81318476111	199.65840367119	94.3839364966796	103.337959730581	142.104119266487	999.823718773345	368.139714092762	193.198576634408
Gene_457	71.6946058451763	947.905615949906	64.0620298414395	3218.20608285607	63.8931938502859	223.746211005432	983.081085622513	176.467649407111	156.452434967169	151.72231535547
Gene_458	130.681293349834	302.530954227293	670.277882932278	496.035966006465	116.738583064754	272.053894316343	207.864107290338	1371.73307297809	319.12448142752	88.5309283171263
Gene_459	199.978401456537	191.982886567591	112.926291494977	135.289652504413	105.308911134787	785.730607416139	372.686362805183	243.079018605826	77.7512951612647	2286.77400554756
Gene_460	196.158073710455	686.713158208918	230.022197097777	949.49314846835	227.17235503315	60.3796822215689	169.199337067747	265.799759758355	64.3538123447231	712.654882689718
Gene_461	76.8548213559998	222.987638053955	611.31097842975	658.242723935501	79.4131098439846	179.943496620488	486.277940676195	1295.36375290723	254.430547516373	283.663036529703
Gene_462	318.871473032317	707.857511937519	151.14559618619	536.165007631926	159.465332508304	469.786692804949	278.446465332364	296.646253891128	263.587408441096	169.486215799131
Gene_463	109.615257068555	132.923970688075	427.476982230632	194.668365824199	204.020177541118	848.347531507499	241.699681428368	674.028864470285	631.058804044202	123.340275827137
Gene_464	51.6797875769527	40.0289549377677	5597.78962822914	695.306263756588	1467.0510992087	27.4492927739106	19.6588402601892	765.391586440991	1364.2478818834	286.033318812377
Gene_465	275.125362999529	181.979738876121	2228.60256846289	35.9865669672544	1304.76908225018	5.1492719398069	65.9088075646988	155.19859232272	22095.5165371879	102.120768215152
Gene_466	88.7303446850761	262.596627262151	715.979956931369	1175.78520472031	92.1487576210277	273.084171468111	310.390023572875	2429.66431949857	59.9494775451384	353.909312094
Gene_467	199.367291453222	286.874823866564	328.535545957273	182.023287849634	428.182183135799	583.303230345359	159.820668407175	881.345211482251	40.1738119272827	476.036371755414
Gene_468	529.218308554398	821.259056005802	1113.77304949168	292.145115654105	321.198433373609	29.2612460083782	47.7366001710601	840.687597250568	238.987725353933	154.354506368388
Gene_469	453.883264342547	1238.36066059266	2103.74839318818	3182.06346015928	111.479850591903	14.3281258392235	30.7157602842068	1003.26727891523	1344.21499232271	31.8290981793862
Gene_470	65.9440220030354	301.341137518259	339.7650464257	353.765725946271	122.464669340316	67.9021298692095	378.91825649156	278.404073311458	1511.80160767267	60.0136808994787
Gene_471	210.023036426232	480.241295574487	668.250062800894	531.446081709603	223.501935969287	41.1676586174419	70.9912060409391	463.269308584357	294.339131056756	162.517469676012
Gene_472	325.737922315089	536.731902269025	542.108511984686	223.555773029675	297.384763634581	76.7836630799056	150.09983543297	612.063261964879	190.651603424915	308.814432286843
Gene_473	68.9303789394952	338.554626648855	97.3420781834764	1266.50578889592	164.727325932167	385.105558205258	194.252182721671	187.564077957884	51.5015797599733	475.249354955151
Gene_474	545.688534476742	806.179474230844	1733.16254952399	730.565203906013	383.835280942635	46.1806029166173	54.8011842042879	2142.85173107361	82.1709641706275	274.260411546865
Gene_475	142.808693593087	415.709801453858	168.526086203632	379.563194407779	421.674099353008	167.607091038772	412.94703579275	177.488326940509	310.525303499603	247.52891513296
Gene_476	42.2859733311511	58.8453566564539	539.873834738423	442.415839141953	246.661971659435	442.987832906408	111.865202319854	613.931007777407	123.112300471193	686.459101762126
Gene_477	69.6347340129484	75.4727245611015	1443.66161688406	194.964748548832	744.291399415585	68.2371335754202	95.4012337219014	722.644164598192	281.97651566279	656.885397464712
Gene_478	134.122762554157	152.659137727396	1118.22436405954	253.50396151853	856.677899856829	480.06794514301	35.9897970356126	1519.59710930523	114.689748019795	105.049948831415
Gene_479	153.634087706102	403.892613608011	743.48621617504	1044.85058667596	168.812713215871	106.529770089927	106.470174389836	511.46500896435	2112.93321656924	27.9933853944782
Gene_480	357.798224413169	1200.07789213467	168.565535130316	7500.45632686995	65.6201084017209	79.6826033631223	99.2001581488421	149.812843249548	165.272019738829	598.688763415383
Gene_481	61.32415054916	133.264403857064	69.0364119675017	210.378197934704	85.0252284879249	2292.86363508249	1227.08713256383	247.42549270144	155.341105785329	688.797274490721
Gene_482	370.601187202456	871.933783735011	1962.2149492338	135.868026106777	447.100533801071	21.6567877369566	483.375999171426	2609.47568350132	586.64903821009	82.1071785540982
Gene_483	159.89119875859	267.200698083139	378.468040362234	429.199732386745	413.491991116212	354.410365245579	131.928840630179	636.904876177092	70.5794419836352	428.551258923866
Gene_484	153.725893276785	145.156065676891	882.684422920893	107.678568212632	388.422897003453	435.273049646736	92.488293722476	1120.17231296612	416.753925863673	84.4998852597005
Gene_485	129.303257114515	266.817012347708	189.804763699581	545.72885199862	329.857990611966	380.453849412085	475.631941473977	368.766933467522	65.2837335042677	1522.27333396142
Gene_486	182.307103853836	2089.62314515426	64.409955398874	2044.9727260377	48.7900129970829	86.6072912553728	1238.92171510017	203.414797000921	77.6972603083705	392.481375908315
Gene_487	37.1647644657517	224.880196939365	905.920901411395	1496.96083132568	53.286935027481	88.5424816179321	170.835651867724	1642.3076421495	236.878330326207	105.789547451723
Gene_488	86.4517034689453	197.243847391249	889.471926505096	784.833575515663	164.704559241254	178.109912652671	159.567849480743	1023.14378043657	573.04099396262	104.913049155422
Gene_489	379.790307062973	324.61244688635	3612.4368802059	247.920763770074	241.029505116214	173.412725512331	62.6610042311648	8923.20183092701	91.7422404133933	186.062466314012
Gene_490	948.192452013478	731.914836967841	395.722214103878	64.0229047506816	270.783867237483	151.387063691475	260.804469016658	553.140729708955	341.174740375668	417.41713456236
Gene_491	327.442885213276	707.149625424451	217.661813927269	1012.15262604521	353.36721549792	136.187811813135	90.7827313808514	168.769537988101	248.14556585807	226.456349131871
Gene_492	302.764131020514	165.935699282316	132.140038890994	153.222260820146	834.364348265721	455.212030179934	44.82158877468	52.0912539607209	308.323395500205	920.863465667718
Gene_493	982.200748509108	2158.21354742531	495.148481509756	426.434580621674	83.690560022897	171.438313100862	219.570516762037	1409.22266325155	411.342413240841	42.2303100689668
Gene_494	72.630415739474	96.20553928094	345.415022632502	32.6481174461496	163.552702299058	354.306321543595	538.593819391132	571.01342347379	425.288414983122	338.983739886637
Gene_495	364.651897351889	900.372072570335	138.577125829857	1326.13706049862	294.202928313422	80.4482697335257	109.459732579432	118.726315716478	62.6396735301366	1106.67484022647
Gene_496	87.7050602689902	126.800513287635	263.327403580229	344.944438667701	101.147031460895	213.940180836528	131.957424011501	217.939998193237	298.819764714188	1007.04792731368
Gene_497	124.065930563562	536.226574012362	194.853560793328	1129.51953761812	179.655565942843	146.749421544251	206.478935063327	193.803811383981	500.237308079778	82.0703692518006
Gene_498	1088.58988643956	1688.89621571584	176.147534701322	438.373859675819	120.563577582915	269.917210113288	206.106116424719	459.223261923986	90.9910735406266	522.804484758495
Gene_499	101.391604431527	236.577481136354	166.62685553905	662.065732950019	223.895968407954	271.606335487545	243.5262445446	161.164470643262	277.624013236208	384.709888839858
Gene_500	281.862432972178	213.927067341344	221.536311859125	190.104125094758	653.557445413172	438.919722489233	216.428291105825	202.212907416875	215.363414396927	1153.11987993733
